"","V1","V2","V3","V4","V5","V6","V7","V8","V9","V10","V11","V12","V13","V14","V15","V16","V17","V18","V19","V20","V21","V22","V23","V24","V25","V26","V27","V28","V29","V30","V31","V32","V33","V34","V35","V36","V37","V38","V39","V40","V41","V42","V43","V44","V45","V46","V47","V48","V49","V50","V51","V52","V53","V54","V55","V56","V57","V58","V59","V60","V61","V62","V63","V64","V65","V66","V67","V68","V69","V70","V71","V72","V73","V74","V75","V76","V77","V78","V79","V80","V81","V82","V83","V84","V85","V86","V87","V88","V89","V90","V91","V92","V93","V94","V95","V96","V97","V98","V99","V100"
"errorsum",87456.8909803582,90781.5250957258,96987.0870894698,110193.949242147,83415.9668887961,89231.7004500324,90431.2260024502,94782.0416622723,86225.0501786548,80195.5716571984,84305.8263809298,91739.4025509022,90923.9608171671,84119.1308345068,80540.1961067187,92912.2246851353,73797.698110846,86160.8086409822,99658.4277398078,102172.909208609,92106.9457061722,81253.8020959535,85767.1235200225,94034.619580006,86468.1012104468,81225.3504323907,91926.9592961584,86678.3247042281,80827.5480172451,98604.666783911,91009.0504271506,88011.520449825,90275.2996680159,103049.694169422,78586.3224461129,90890.9109847588,72503.8687382978,95303.1675190069,84439.6419610399,107052.067353034,94328.1019119704,81622.9664610561,94811.8661906896,98831.3174327701,96099.7428301755,81646.3880844699,86493.7393297856,95011.5700305196,84599.0528016759,84974.4605486452,80291.4368522794,83353.5468687215,88775.3241407268,83832.5000457182,93252.0235062799,89572.2184065761,92103.0214032674,79265.6504100279,79699.2280951032,93541.191213853,80576.3675369771,79982.7836071915,71600.4587918956,89599.2882539301,89065.2368205891,104209.407327262,94659.2894095198,93288.6900932803,94655.7327878344,91951.0290059581,80765.4056006015,93817.6137170319,91129.4266605272,80090.5987031345,91034.5577565258,89230.9758143565,98752.2374689289,77151.040501463,109519.977494526,79997.1059750721,82095.4845591033,82464.9347065857,93679.3965488198,89464.3484448983,93645.8842159205,92043.3581247822,95601.0528322431,89395.0432364836,98071.2821232121,78436.2203330109,95012.0869251718,101608.166995763,75235.2723906252,70538.6611858328,80887.8417039877,113148.321745044,92583.1764832229,86290.9422221251,94837.1858411912,83487.8545624903
"errorsum",84391.7007375249,85186.0932120864,94167.2117005575,78287.6666984285,92870.7829529895,80057.3229878198,101804.318430162,92736.3388795677,96047.7707052157,78658.0053206878,77841.4118010626,92272.9593353573,90625.9032035107,87609.9131359975,97225.4178947549,94758.1894336082,94424.2481847483,92127.0275457288,100939.468731639,85108.1491621214,87263.7998426205,84160.6065035974,101545.179917553,80046.8338114226,92425.2450022887,88799.9135004868,86275.170874984,71280.6255804106,89409.4555864534,87557.4250065548,90814.0405568623,96718.4765524745,91545.8713449098,95338.6995218967,89505.7340361903,96658.0868583729,101143.331060944,88644.7539381327,84732.3400714812,95711.0156475695,71940.0161572342,97500.4554309979,90434.0825506921,78090.5572150542,71662.0945567131,86431.3647994251,94589.4993940284,92658.5386342368,103432.897836809,89543.6967370657,96715.226851493,94480.0843170578,107594.523456836,74253.2364013383,95218.8117755562,104610.939910098,83260.7235259846,88284.683486725,76640.5722836737,87515.7253557638,101530.885685475,83906.6983926667,83326.0803482132,82522.7442154157,86864.6883946051,89434.7193343203,79647.8657605142,80285.8093984228,96492.8406339771,106401.100272076,82824.0192600104,108943.564485359,93558.752151065,82315.4535247849,84599.6004915266,82853.0949585215,87182.5526408277,101373.689443341,82658.593717678,86903.1089165457,83473.4668879536,86588.2442387308,89578.7426694689,97103.7075306208,99577.4151952663,82911.213511814,80138.249934605,96149.2605500018,81698.4937392014,75984.4410703315,103946.194247821,85928.5569390386,86874.8339273963,95609.2185726622,92048.9354776337,102425.739800003,91799.8944831085,91996.5337893312,79898.3363831225,90214.1576335088
"errorsum",105620.887015655,85830.481831675,80634.6862239876,78647.7859020244,102440.960149411,97171.0474722989,99771.03199535,94384.8006882699,84478.9314574147,94228.1994395165,92434.577703522,87594.0332110321,80917.4415776565,90017.5093520509,98761.1136984934,88288.4714421304,81537.6444236014,87731.766879117,92474.6128182527,96213.0084489089,88431.2164761109,89486.1433954694,96943.3152910413,74441.2513741886,95513.5132248768,94064.2888997207,85191.6796281587,81829.9293196647,85534.113367817,81514.9871328042,82734.8990400857,87001.7134481231,85413.4221664292,97422.313197863,83958.8481423618,99306.2990723703,96027.8118196266,96493.144011686,81498.8753394091,85224.5406645631,83772.8797572355,78794.9383779577,88139.9914839774,95065.0643591644,92619.2548851245,91491.9607538445,91781.763619813,91857.938649162,82730.6710022554,90480.2565816696,92267.1949957129,91976.424303153,93332.393920632,78965.7477651809,106058.337827742,85229.468833127,98912.7583566269,76742.7054712283,95528.7053596402,86335.8144053841,80953.832353185,85799.8740250353,87111.295794656,88243.3968486123,91644.3247967355,88710.4282572084,86701.3007813518,85965.114582243,97188.1488913015,82457.9418158276,85864.0176834326,98788.0991696987,89178.4294926503,90666.3811229104,79950.0005726039,93966.3630996096,91337.7058914108,78908.9339469057,70193.9088011207,89058.3716206382,96990.6611183762,88351.3168735723,89671.3677718095,80804.3381751305,89119.3055184576,85883.8169493951,100714.459928917,89356.7691325404,78051.5039507723,93652.9305614227,83359.5585164011,95673.1262659772,87543.6036623918,77856.8796350672,87252.9930394709,88846.7182119299,82910.9946762453,85143.8345408882,87414.399237256,84511.8978745781
"errorsum",85029.9226375297,99093.3346501933,83328.9396815868,76415.0135057768,103119.159805164,90336.9546067418,82187.7101396882,95514.1788750743,89256.2370263127,104041.436594976,86371.7386549928,92052.4741082048,87442.2068925689,84838.1335263711,81995.3350141356,105903.276693213,94796.7282143905,98610.2312958035,85767.6354790039,97080.2169191936,93085.1476610896,89459.6717181039,86047.733465961,81890.7790568892,105101.53946355,87463.5099042949,80216.7670162065,84661.012225725,91751.8462892008,86676.3836525258,92409.4320878234,110212.147481723,102979.079730525,96325.0105839078,92405.4800263604,95710.7222423522,95522.9382193375,83529.0352616099,94157.8751117509,94651.2438732009,79669.5933144111,79575.5847833016,100538.455295088,85170.8889132188,93122.8380792482,85511.7096402014,84522.0980147072,88410.6964628812,98273.0619840312,89153.2833366954,80400.3932611009,89414.0549402461,79793.1372133028,87872.5031570908,83208.32620895,92198.7832194189,100902.260934957,89151.2452587281,82436.7134471284,85662.427618961,100999.3185459,76274.8575364083,87947.1530743203,88193.7337774246,100976.485941054,95650.8035448457,93703.0633546655,83603.5705830135,87299.5058318738,87266.515233854,103832.832257152,86156.8837623788,96089.976586187,80326.2940035692,81055.5725190762,90271.0016059914,93661.8569514334,80438.8810969543,75185.2627227428,84327.0449748091,90095.4215713524,83454.3830549575,93809.0444624276,79536.75709504,85237.4334570911,94074.2727246107,86705.0371186905,86755.2938747807,88523.5100062444,88419.2128664412,83631.1730858545,72299.7843742247,90676.9313325423,94226.8978105235,82955.037908138,79574.1697769974,92375.1066643314,98451.9349250976,89468.6275999649,100286.001649537
"errorsum",87436.1190591523,86666.4979301449,95998.9090817697,90849.4836180894,112383.092787643,93784.2387904202,77085.099972032,103099.250177004,87547.5127294755,82239.21642315,87996.6127416954,81031.5955592312,103592.107175904,102817.448061602,86561.9307449094,98146.6287601184,92456.6342248292,92289.6931058359,98732.2843984634,90220.6394944789,79947.9281464829,76987.7444701483,91684.0506556146,94681.5258978919,89629.5236629163,93538.1777208637,96863.0465297178,83918.3608721028,82896.0327444362,94515.4887363218,93702.0522457647,84287.2021484418,79389.7723085521,103707.034379404,99963.5493950531,80093.1106461348,79313.9729455983,104115.635690851,86171.8712221863,96719.606024263,76176.5309891276,92398.3544823138,93492.976087142,81464.2759582897,83834.0571721697,90231.7897835246,87059.8235631054,90493.9131563196,99773.2349819768,84261.6474794794,81556.0131231951,89069.7087965181,89907.7790574977,79534.1348950659,108376.582485673,80661.628255896,85896.6525615201,104579.536215442,91217.1781210733,100134.165564018,89527.4786502744,95055.0364143465,88852.1142327646,100049.65367029,99524.0850386526,88906.6861342055,84537.3997349062,99830.9128691377,87037.2266947368,85220.1288119696,92800.5907701297,100127.257728674,92314.7385004643,90027.2253128488,104376.635912445,99531.7274146455,89488.3624037353,92666.4164447112,98933.4042122456,84611.0668190151,88143.6991109913,102778.276048058,98056.9041009312,69764.2004869687,82117.0731930029,87144.8592546254,89790.2361691848,91301.1979404116,100000.365656254,97728.2151557586,91653.5350789487,86589.7485161015,90477.1930417596,96282.5735870998,85937.1986857186,91255.3935898356,89445.9300456101,88795.2281746464,92673.1855906181,89831.5779314447
"errorsum",103888.67567876,97960.9931116142,90757.6725321448,102639.360979395,88554.1204673444,73933.6419661524,91047.4383059243,98278.2037484236,79134.952504947,79055.7105830817,86801.8550755324,93669.7390073698,82182.795129252,93178.7378747233,77720.0741629213,86218.7894488036,101594.429916129,77423.4382669636,87069.3151107646,75837.7485677654,95042.6530408238,92108.6927252114,87776.5559141457,75135.4795502451,81943.9063361773,91052.0928830602,85560.7874760603,95285.4349697384,106605.62995889,81102.9300606017,98766.684512047,94892.8138363233,96527.0811728445,91135.1024835991,89607.9107633354,88735.0076778735,82504.1273153206,90959.9860767082,92990.5748152413,91600.777171929,115010.677286449,88226.2830007777,93225.4364863641,85319.3073620017,89935.2427176762,87095.0402475126,79716.0122402203,90563.5979487294,93246.2677136186,78250.3053049312,90439.6447059763,91828.9693792211,81315.8118466808,90892.2385061663,90288.8013823604,88644.6859949764,90158.8660751173,83813.5364564195,87440.8559005885,77332.4984993281,102092.282531995,104122.749575698,81597.2931453299,95808.6000527992,84367.64402153,98614.9394706563,94508.0347585945,87839.0909659459,85440.0645935474,100092.193420256,94098.5917727446,90573.745020543,87866.1990039063,83487.3379073213,90417.3742381751,85108.4243419704,98169.0559166189,97397.8869137978,87434.3566516273,88190.4476677911,72650.971253654,93522.5457936524,87317.0514130861,86175.8924220402,84586.8980758539,94061.2394650665,99694.8765083899,87444.2352379717,106305.23259758,95222.315215034,83363.5686036673,87793.1097242798,85676.3841582099,79101.3118679757,77121.1782785324,90124.5151199852,84304.3789354133,105679.858084211,101958.738735995,85364.5253742677
"errorsum",83870.4708428755,92323.8226988231,93596.454108581,99044.4544945335,77889.8505685291,81985.4662480782,83855.3485081002,105671.386033434,86107.8033180539,88613.9919188852,95120.1085574519,98301.3063449655,91781.5559030119,89659.2876381268,89621.1987014962,81673.5689827322,99050.9771003848,92842.05058902,97940.3647109627,91042.1077543696,70199.488806095,73849.8985667084,85146.2121781207,86626.6055840235,109336.250737118,94631.435983519,91022.5067173803,80080.6768623395,89146.1939333237,89787.4646338356,98675.288985394,86658.8175838981,85577.907601818,93419.7923777488,84989.0402110287,85589.8995071643,80121.4444272025,87459.9903344984,87968.2342408141,84381.5840865557,79569.6011256478,79627.4020947504,96115.2871152849,79876.1342606124,106351.51202477,90227.7792782271,84926.6920526317,98159.849037598,81605.8989225316,84086.5691030543,87771.9504660771,91823.9546308005,80348.1549313345,88688.1447638599,85334.9776328061,97797.8857156119,112057.351966231,93954.1854067975,96972.9147308421,82424.4074802299,91409.6276648722,83296.3834369115,106333.197716505,94374.4884143284,91016.7221809381,99698.2185574964,99755.374272258,79139.9226817166,76925.60081847,98948.3685240332,84331.6160088732,84460.7996698931,107205.185286683,102500.368412409,82838.4635083664,85834.6124745606,93145.1662121542,76217.0284242458,90433.516169493,96706.4218749426,91260.8931376206,90703.5187353881,92288.8117863749,83519.4491929869,88563.7729148675,96381.6867620686,92362.5281358232,101196.016006808,80435.4952131068,100861.940242694,70315.0183652112,86960.5948136342,84753.4986946947,107040.468618471,98023.0405063104,90979.6789766875,84900.5080897324,98773.7744726098,84870.2246207946,85603.854233569
"errorsum",80506.1415765335,92952.9235468008,101203.854252778,82475.2400810757,78111.900296641,95034.7637210628,97088.4884022109,97245.3974000265,92090.4979339139,98442.4522759076,79684.9744558769,80680.3303727299,102341.146092582,96369.0050131522,98133.3792660855,98251.1413576542,87739.6785265629,108417.575422258,110018.837136185,95429.0560376899,92784.6272733161,98414.9425352049,84659.1501647566,95074.0942308928,83778.3535582188,82071.6884424469,79220.4143636931,83476.7342021611,77147.7803365786,94620.0026895556,94255.1275334495,99116.0684185278,100362.274545593,93808.2350912874,91475.0149659884,104857.846064976,83620.8199647796,84713.8397474006,78988.236983685,86666.9407196145,81240.9999463916,86630.1702703015,91896.8219069017,82879.8609444793,79993.929273324,79902.8112461808,97173.3856998363,87657.9340941196,87581.4664624722,82392.6699933093,99240.7122226806,90915.6752758703,98224.5517435106,85297.6233735633,95606.211911749,98302.0287708343,78582.3326162302,93953.6674078351,83815.257067089,99998.2614258012,91855.4664986727,83679.0171305799,90476.7848777552,83984.4469951838,89764.2728554856,85533.7237444387,94000.7297302078,89070.0485994833,99814.5911733817,89772.3425422485,85921.434761005,81566.6095282345,95123.7203371915,86953.0212706482,93601.301573498,100852.407478145,81610.9511351068,81463.7358295432,98326.2176027791,91905.7657885504,98896.749546415,85915.9531136661,98638.1697075946,96682.114363592,99572.5787363718,94103.404629477,90147.9824219837,100049.912699976,85276.6017605544,95101.6131001876,89535.5134833057,74903.3356526673,96918.0983403603,97378.0476189388,85148.8915279342,101553.045846806,85723.9276877326,76878.4145888077,88910.321564983,85813.4798152125
"errorsum",99825.9625483397,103509.036608668,79468.2266119103,81337.8974430071,94815.062753532,81280.4057534795,91181.4772881723,93525.5055877089,81845.9925479156,93252.9195622113,88360.7375088917,81535.9476937821,88560.2607028061,84499.0606280368,100835.97040981,97549.6906868641,102999.103607047,97356.2174446428,85869.6113874675,97480.0179771305,85635.7254147743,91367.2463697083,76850.3549901644,99484.7882489105,89480.3327804333,88844.8362025486,91337.5578753648,74579.5271828355,85564.3566941747,86347.3319691641,92587.478277577,90641.5971785348,90296.0483056403,89139.3028296163,84191.6550632287,86192.9364713858,93865.0986124465,85814.5400045178,73502.6031478875,110622.405960448,72627.73356984,81379.014505246,89377.9767620555,101266.901458863,97983.6716604834,80206.8604527094,88438.1486894977,92422.3598538068,85699.7242084091,99810.8298848575,88650.6814623693,78655.2275784761,91864.7700209691,85843.3290770202,101160.709802442,85099.7266969455,86127.6527367833,87753.3368710181,83385.2559425399,90480.8847455656,98353.700914083,90487.8975313707,83520.521245132,85329.6047399,82633.2904576598,86595.9972326264,93630.7080702178,93294.3617214048,87546.7108523818,82653.9003617009,91064.7313838144,92159.1457222964,92744.287481962,86875.1820165104,91844.441760462,101741.8677366,92277.5507945975,87675.4480105581,96543.4850288163,80897.5369414437,93826.1373150517,79440.9247070429,85761.2110235458,87969.2066327782,82626.1276978434,89756.7742473921,88439.9415752826,86602.6117174968,83913.8730357406,77905.8505170657,81477.7634872347,92567.3520092278,84844.9095657359,93377.9051108236,81277.2648109982,95928.9104101217,70068.9031382007,84401.4528621993,87335.5280910162,99294.0458196674
"errorsum",93516.4008213953,89514.0492747704,91535.2785252417,83172.2160577403,80866.3823978683,83986.5479360047,89962.5966595959,93376.21124306,90192.6146812716,84907.3450700309,91952.0529434222,91031.9688281961,85385.4912885578,93661.7014859017,97517.27073166,86163.697414639,86441.6998189455,87153.3222215739,95678.9063710294,88413.8361977667,99802.507932649,85839.4827329635,95970.4184453634,94980.7072873711,101230.382291062,95539.495667681,82638.4436434771,94225.8640335792,95304.9199407371,93311.9648675181,103450.78246313,103749.534481374,87182.4575689181,85848.5478139919,102577.299217065,77221.6414164586,91547.4287005878,84440.8540686977,101079.790497559,94914.4161822521,107756.788259068,93513.6812807847,86217.6666506069,88468.0881822402,90077.6399343643,98872.0621621507,76035.4670908839,106196.617605409,104964.365791276,87031.2498382154,91233.5880287299,86661.8457463214,90359.0902692963,82848.4629857357,83733.4037873922,89359.3561180335,85508.5242476728,87189.0823383975,91211.4165389444,98080.5415795533,105934.908133894,99722.3903285596,80191.5170316813,87305.7972870162,78540.004575918,94609.6842871457,88229.1341156983,91670.2334967963,104231.207319796,80244.8398273105,77802.0870447415,89814.4649789603,86853.0204713266,82098.8717510956,82099.3445204095,92300.3550126257,97412.5491097373,86000.8298177663,106078.42115169,76008.4767803633,85932.875556134,85859.5895216559,86436.8792497087,91962.0364225625,106183.244355789,94216.6753053237,81434.1788319043,86115.0921715574,91309.1477347334,93755.318425854,86921.1854048055,98977.8085386453,88986.3931608631,85748.815655492,82219.4946203113,93573.7251427245,98564.9687851547,99265.269948799,92682.3607333306,86208.2309875073
"errorsum",82030.4478319485,92955.774107506,79572.0673767003,90468.2431572416,92545.1913386193,91942.0519839517,92811.758590498,95409.9406500424,93248.38714522,91377.0925058898,90938.2773377596,90175.821941794,84694.0938387542,82556.0660189663,86048.6371719302,83261.6949393738,92160.6956696377,93715.7609459559,75033.2296218593,76443.0154654928,89901.3196061124,95512.9957703649,78589.5671181682,87657.9772696269,85469.8472005371,86371.6853531918,89515.3271474926,85813.1658516776,86400.147257177,84790.0282421573,94099.039168038,106475.056972261,99883.3561696072,107061.827049242,101852.295434417,92270.0028035494,81666.6963101294,81793.5248267889,80643.6476252242,88736.6870269022,88537.5156755945,96388.8859722064,87110.6439067834,80297.1824830889,86492.8796714174,92728.7246753329,89851.5664178648,84306.1745788197,93360.9499038797,105648.908017175,91832.9112967811,84044.7161773417,87275.3347186358,94872.6589324567,88489.5899491621,97338.4597216898,92636.4289723435,89903.1109726372,98998.8735614655,107607.610078598,84227.8220664954,89937.9591233817,87983.4255184664,97190.2195137717,94672.7429356766,97503.7042050138,104936.703773374,98074.7193635256,93505.3347501624,95672.9658469253,87768.6246344528,82121.6510916747,100777.456460264,89478.5913787719,100808.19844692,79198.4194204643,88348.9686978279,97005.1845077066,82061.5290526773,111172.296495108,93542.6796880634,81012.2265746149,98664.2416804828,89697.1100097124,85618.2600176079,93943.8898919217,88455.7568587675,84638.1064734464,69880.0064703765,84029.1333115808,85363.6345352666,81878.4722636112,92898.5436616451,83806.6358022647,85148.368083745,87271.7225888006,79362.7459728107,81071.8532785631,94179.2436013369,96591.2890897672
"errorsum",74194.5482327733,98887.0669281597,93029.6768731845,88452.9531895448,96931.5665829771,86094.4286140637,97220.3461392995,94296.1462101205,87980.2635288822,75766.963278243,85850.0770401231,83766.5001990934,89684.5045692792,86696.0127297525,90284.7856872629,90019.3053888269,89116.4660090442,92183.1241498634,81816.5181845745,89527.2620774391,84066.3021308309,89386.5790418952,79429.5967477314,100163.213027185,86729.8667960495,90203.9711660218,71082.7727155975,98270.8610506854,98324.2670150046,85049.7024477545,91993.1228671956,93725.7033416994,79974.1714391286,102662.903836506,88964.8125410205,100468.881622645,87593.8407115845,84441.8833607891,94297.4510680455,85189.8553494635,95010.2568499644,101266.954813148,92694.537097803,93647.4053256176,101733.775077674,88396.5690154898,96170.0954157676,90607.8439807512,87544.0815864212,72444.6181183149,90278.9606967616,72575.2514769205,81789.3641949624,81438.6104145374,80827.8733479889,83001.1756064195,93143.2569735579,82765.5124291611,86833.5356597952,99294.7198087306,91003.8862083902,79256.276268267,85187.3445646502,92411.4122405481,88008.06576359,93404.8425092477,84341.5388291412,100662.673725465,93120.4586467057,88528.3667704471,98807.6612623501,80491.2408856585,96227.9441067243,92468.1744664584,94029.2431680907,82600.7428997507,77828.4387338728,92524.6626799881,102794.034208533,94101.7956769682,75168.8632451438,92474.566980073,83203.0422836721,94006.5828594937,79647.8135720404,102257.365162848,109506.120168784,80033.1197897533,92426.1720416172,96321.7568273027,83529.8086728819,93225.455532918,87626.176880076,92378.1315941538,82586.6100016224,99278.543684113,100691.606072592,102677.414302011,84554.1471988869,88421.4612332
"errorsum",94484.1214684286,88330.6567007563,85670.9582664599,97435.2125948206,89568.5809662111,92165.0325718277,102967.145430362,79777.0316138128,93898.2396489868,88363.6574209573,89057.2739652243,81210.9803589612,87961.2558237051,82001.1770240522,88594.5246759083,84232.7576418489,109074.218872874,89522.8916415029,93960.6127672412,97191.8059898969,98102.8421072846,86103.4998276303,83269.0487957957,97827.9701207446,76900.3314429856,88343.5420694948,100700.984206121,78008.1529245867,108532.373161129,91226.9161863685,84698.2281094189,91928.4471998804,110606.82223078,93346.0557390644,93639.7291366015,99941.218847305,88545.0811581909,90510.8208225931,95186.6621343526,83594.3778803452,89475.7256142035,84499.2910832101,91014.0079795559,97360.443986741,88719.3701794237,78884.933427784,90908.9852242765,85913.1697618143,81480.0523388036,92064.8936649945,97982.2042049808,104083.339875914,86730.1322826412,78024.4398852844,85546.5903908666,91010.7121208543,83245.6115197768,98271.3407599133,82815.8193327022,99874.3768411829,81739.9223557714,91883.3358100761,100364.650900636,75694.5746645511,88391.6101506691,72957.2397262928,84584.1189660656,86685.9968396872,80484.8216279898,74226.8592851503,90708.6644814825,80489.494011459,90666.2065232036,82186.9318507313,83935.5501654609,83837.0057321158,87112.8797395554,99794.9117999822,97934.7173581527,92714.6769078487,80732.2566388647,86446.477456389,98133.0870113488,74165.6440118773,110420.803688568,90405.5961525861,82460.5199873392,91106.3212033655,92763.6234221307,110092.223215263,99818.5009871833,74900.8572521947,95312.0587723939,92829.3823796241,104997.436606636,91448.072138419,91545.4214326432,93138.7815148174,89783.8840415204,92521.1952367447
"errorsum",95739.5938767907,84614.3626020945,87223.8679881892,105679.021223554,85488.6417287623,84158.9444904208,90712.4736899584,95964.107425634,82546.987706035,91245.7221739196,101521.263357158,81849.8679429647,104056.344911315,100389.038345806,90854.8151560504,88539.9481513126,98690.9739514303,89933.1428109634,101833.276407589,89320.971306034,83261.2048283868,97134.204731652,75354.6049883788,107329.280880092,86367.6829975427,99161.3998974684,82411.8401379501,108273.198017752,84132.9180379529,94778.1369529202,92598.9635101701,81149.7056068174,92888.082323024,90910.1998354436,88386.173147087,75824.1158180121,88740.9652660343,90830.7701515212,85758.9544809418,87346.3370862197,87154.2383423587,72857.8925736332,94369.0292247438,83627.0468978603,89097.1072024724,88611.2450027459,85991.0912351653,90537.8038931999,88074.5706426123,84997.7900148578,94253.1913745423,93138.9054220093,105903.63267557,84445.8695992777,94462.6536956797,80575.0144395628,99950.4040323965,87566.7027771727,90310.9193265987,92405.7365534855,77918.0075925594,84822.4348474811,89762.6693663547,79369.6308340438,84556.1671573937,86987.5196074832,92683.0762514016,92781.3275636594,87282.3327503152,87938.1401508795,103586.485085521,84073.4278334416,84194.1841893974,87714.0174812989,100336.325934111,81738.0018781034,88549.4323155892,82715.8876053637,85052.588629733,92109.2996837143,104451.028131923,86781.3788895664,90220.4316938213,87221.4236207542,107744.59184257,87220.6797886098,87101.2255853041,83407.4295391797,88919.5548990202,83841.8551109149,103860.636639722,91680.4630932874,90219.2205372646,81876.5830764441,82199.1093493791,90940.7356374325,88488.6487105778,92871.1641692041,86460.9903151284,105750.672536934
"errorsum",82518.5011563166,74595.1012874462,83221.7379626308,83080.6221831828,106362.796006754,74095.1809989085,94840.3610200054,92302.2136557436,94627.5305333904,89458.2310020851,98644.1290167136,105083.017539345,74128.3214019562,86403.4058602957,91193.8858023951,87703.3498676218,82792.5101021812,89379.4135878178,84197.7663794336,89100.0530058571,80238.6097701166,86746.0730999236,99941.4462052092,93440.5899307911,103456.95999785,82404.7359342149,88636.9284453305,82772.8435543904,97539.7124301413,92903.0723516521,85373.4010018145,81798.8238822886,90073.6656170588,79612.614233585,82879.8117731842,95078.4761982617,90728.3680766675,86474.0846843065,86167.5115641362,89042.6692400603,91066.655780466,89229.8159306148,84815.9458984234,105057.079083314,91104.0643982595,93539.6046983267,87314.9160656083,85282.4086798978,81503.7301083903,89591.388667523,96712.148453101,94074.5011561103,83342.0081611885,85659.9174855549,91420.0823305216,84308.9614196128,90793.0208960962,91620.9026826734,87522.3977831759,85207.5170536232,93555.4435595648,85287.0278615307,90767.777525192,79031.4839806852,87153.1120685316,75211.0799532426,85636.4103814327,76214.5456081114,81780.7633669273,86808.0740567583,96057.260450065,96621.2713275644,83748.6212925871,69262.4673866261,112427.022895766,87444.5077185538,86712.673062525,81869.2492819189,97593.6625690447,90589.2059678226,91806.3273041674,82517.1409975339,87622.1532713712,85789.2387779217,94224.3051939543,83353.3871414622,85577.1746619933,80669.9126055652,86291.1100708604,90362.2409035563,94273.4884933563,94635.4745088302,69688.5725701489,91019.6610818872,99188.0118563199,91077.5619947618,82162.3896450593,101540.268254885,84730.0657158817,95912.6731231417
"errorsum",83344.1893525673,98804.1033883573,87339.416182049,92143.9903845315,85655.4442486199,91031.1950517037,84727.7590698711,99797.1431693974,84100.6501002823,93939.0296096104,81003.5246622227,94429.6879608624,86205.4176787614,91475.0037594797,109842.798715802,90311.9966633009,84466.7448213625,80511.1756657681,93303.6865863903,96734.2557181806,80225.674368345,90854.6673562059,83370.0120771226,92055.4924979056,99407.455271781,83433.2119621098,99151.8544365416,93404.7431129888,78570.5053450676,100765.293982922,83215.0585334318,87614.165600017,83561.5482930204,89884.1019041883,96596.2687510837,92127.452905372,91893.4829390324,81264.9090577498,84036.563004092,92079.7794986193,82493.2464078669,108122.145192971,91995.9808001988,80006.6532789313,95602.1819799347,80144.7766584282,77780.3428685369,85590.2560407503,74111.4108945707,91676.4499617186,80381.3927358833,98029.2732686573,81444.2683605472,99755.4578679892,89737.3210033256,100864.875866848,102402.137127375,97155.9215403739,97834.5311807804,80403.4577188268,72648.2317439018,76306.604534523,99838.3470700536,92294.2027145114,88776.9473049626,101528.178366781,98310.1596518673,96877.0048564127,86988.8566072117,89311.5127430849,89413.4527456914,91784.1582922432,90231.9875934944,86082.2434150267,79806.5366619656,114085.480630767,83954.9100723908,97588.8719951265,97945.1897174794,97641.8465023454,84016.8258393122,85470.2780138968,95009.5347200582,94443.6589465321,83345.949156866,91391.8333978944,93033.3949744554,81137.5575282364,86820.8578682864,85488.0178957607,95635.7824383889,102205.745257527,69622.1069087048,98769.185432467,77796.760792123,94353.3381149664,91102.4842243528,91192.1795583363,84346.9345929744,86832.095118303
"errorsum",95152.5835743367,109250.745660012,94461.1096645166,92617.8044917526,87642.6207000255,89407.4517694109,89101.6415413916,91789.5978557887,91479.0991063731,82114.551899028,82138.7169665837,75971.3927483252,90866.8945710497,94529.054680593,93751.2664722478,91511.8039835389,94648.5374907456,85746.2671817429,79613.8012487131,84654.9917535503,88288.726921507,91678.3306782829,87620.7618442261,77005.4349336009,88626.1503125621,96656.3876949946,87050.6172389336,96198.7069350396,95066.2939944184,88842.9083138014,83097.8077830127,84498.9056681665,98191.6900291864,79475.3781502114,86104.1817122614,75564.8152588237,92987.3932408191,80947.8229894881,86614.3045279414,90746.6650162421,98952.7126964844,86720.5558390839,80323.2827943054,93776.443827111,89757.264335528,83183.6728369148,83640.5448299553,92298.203718978,77465.3945798872,82138.2495398793,90903.5716694709,87549.5669423023,97500.8839904606,91722.8096833414,101042.903400906,87481.7568457611,90468.5976822782,84362.5119040484,79706.0157934718,88810.1750237374,84532.7701041255,104263.028766857,94520.6255825436,104894.939552373,98345.7360003006,95478.8946971029,109923.474100321,87316.2244898142,79859.4831648432,91492.0538593277,82695.0729965891,85276.9322140146,95489.5954266199,99460.2428336501,88174.7727247813,91339.6497459462,84908.6907255626,104993.0451629,83960.2065076267,97031.9126374895,96688.4206102772,80169.3757022174,90017.0836042053,79134.5419292295,87250.5212427986,77514.6158016985,97288.6469915499,93467.3093223015,87699.6876892512,92949.3405535971,97223.4953181134,94981.8455257541,82957.2805803034,94130.5708026651,87906.1272538689,85865.7117312993,90807.8776439286,92582.9683366711,83925.073517929,90042.4814137758
"errorsum",95963.1336979766,92863.6018602377,92191.7954583222,84425.1607033086,81863.0736269696,100415.717925218,87428.3905797801,84505.822632037,72102.1194828051,85060.8997415408,88237.6329146531,95028.4353334894,82438.1046128415,102843.403784799,84963.3281594398,85513.8361787234,96409.3328396932,86646.3783557976,87593.2522790242,86050.5049909907,83876.9600917135,84741.5725945817,101055.257472737,93600.1721422327,91390.1825311857,83560.8416061466,96542.1697636792,84997.7837732261,86396.9076073581,84770.2399515233,95362.8561152381,87318.0448149216,90050.3446875453,88032.577157255,85617.5607382173,83204.7151322314,95878.8735002802,98670.1709097767,85327.0051951058,90029.8301389786,88157.3557978987,89382.5564442273,78445.4278518887,83499.5693044563,103309.663416212,79605.099875465,88349.6758595588,90020.3386252467,89034.9430826662,87969.9107090168,77490.2533218681,98275.8124791496,97401.9267689653,89447.8271051441,78988.9382067605,85414.5792199098,93492.9926345239,84974.0452592558,89432.921558311,99617.168495142,91838.6412295389,81620.3753200702,91946.2560489101,95689.4454364779,86119.9752172238,91712.1273412234,88155.4127855043,90498.8356979657,87000.7285665266,86639.8936571798,86877.85714182,89271.9800112783,90183.4130970437,89811.4130324958,85520.2800708102,93131.4401479147,84326.8275223081,98907.7695873,93473.3826973071,90062.923900345,81295.8567530415,98148.3179006829,95624.5046754062,95969.2853107052,91319.0260276675,88003.6880329484,89239.212432312,92884.5802170964,101539.79517941,103058.707480783,100485.899403301,88529.1329316596,90397.2727237176,83342.6188470939,94803.6729131077,98623.3639369895,92026.1465691041,91249.4927433866,76860.7671291926,95005.0298447668
"errorsum",87981.6488903752,87972.2692592103,98007.0915537828,96412.4370465027,88237.1528057173,85724.5672043101,89480.9838417589,82810.2375606925,100275.068155903,76954.1418850086,92746.1639982444,92728.7980314553,86647.5199067764,78969.1264666491,86556.1192631647,85030.8221320852,83377.3861832276,87526.6586079232,85393.2280627737,97848.6293297482,89652.0758831693,90290.6053049034,83530.7495809255,82950.1763567251,92256.8039475278,85799.9211179051,86131.8578753639,89805.6972648756,84664.1576996068,98185.6427640694,115125.945916041,83130.4063263424,78868.7359279179,88078.3823296085,94864.4641904109,91288.2803960063,107064.301432616,100254.256716108,89332.9725070448,95926.5201391645,90676.0050564939,98566.606934378,95557.2150323819,91502.0448753364,78781.1092073258,96060.0484548938,92497.0781811107,90419.4292844833,80474.4051659098,82864.6017419696,83193.0314371304,83374.1919431139,95728.264770464,77292.471826053,77457.6938465827,84983.6702037633,89557.9772394283,89830.9769346637,89548.2721851335,96586.3605681896,85448.564333148,92704.285798174,96699.9110713836,94786.5275676794,97031.5089127456,89648.015937171,92082.7105730077,81979.8231568434,96962.0693545957,81117.7027107149,77412.8684734836,87270.5732880958,89753.0011906637,88535.7476654592,78479.36176019,84961.6735766911,87153.9792851451,87420.4628451217,89114.2481607137,83606.8458487829,87171.7991355708,93033.7692069799,89557.9099659119,86263.5327525225,85653.9673283983,98359.5928454842,78561.5485813716,87321.6784002314,84651.8619110796,91384.9245812969,90771.7426400526,90457.101943781,79695.293170207,85144.759345185,92217.4171614958,89070.3869774214,84280.7489758497,98535.9983844667,83916.0039733201,72747.4675279276
"errorsum",87137.7767086746,85544.0525349151,97860.766480809,92102.2306791695,94870.9181201338,89318.7172318842,76361.41283129,91386.3927767972,92776.3886347667,95941.8859509448,83546.9097454099,106782.210165609,89317.5372904753,87569.6907599979,99745.3530843005,90862.2988523561,88681.9431489649,92341.0834574147,93553.0859963051,91985.7634378864,100213.705702129,100853.602400625,85117.6770254798,84603.4622390619,89860.2543055247,96681.5050204084,95594.4383279969,83575.1386414993,97751.0628927701,85743.7527187979,75017.2418216013,105557.864794639,92957.1024412323,77487.5363658173,87535.1085239177,94805.9691597425,91738.1937561512,80225.8534878505,85658.3202614834,75952.9264628132,91350.7068556838,92789.1684588356,72468.7505625807,87209.7066180497,99180.4089863166,89151.2900588787,78090.3863073684,88836.8502891215,83559.0071495543,91573.9357500671,91039.7967495302,87039.2665818644,87374.6160083274,79115.1693449021,86445.7163742208,82228.446363946,79368.3399018146,77507.30601163,94325.2824437136,81132.4240700217,90245.8475567912,83216.0533475295,91558.0193114413,94289.7659499531,87647.7399753544,83669.7450098595,105939.806818807,78112.2213684073,76361.0615038459,94253.8932107931,89110.798542326,93742.2270865068,93372.0174572985,78731.1744389404,91238.786857334,91676.4357326466,92926.6953263874,76310.0946145429,96917.4733569283,88213.7815008475,80406.3111210848,91179.0643563075,95013.6519542714,80263.0554255275,109707.513653092,78530.2445243616,97385.3764600804,96435.709933446,96469.7777168179,92006.3251829382,92641.5739539382,80589.7795256487,92077.9352278657,73732.7802272759,101502.191263865,78018.4738842616,82915.6617872147,100848.05159642,81471.3015186241,84469.1926480704
"errorsum",84270.8496677223,90567.0170649147,76101.1585469744,108933.966298169,88428.0109291533,93975.4434360267,93764.6540087445,73722.7185264998,81464.0760788525,88704.9021219105,79074.8409574353,94711.386287244,92367.0366505938,85712.8692531631,93647.1785680825,82014.2964035408,90273.3367550001,86896.3935306346,90703.3933015196,102860.001528691,73351.779666832,82901.561252584,92165.8698991679,81071.5015609785,89686.0337889392,85314.0725213754,79677.0604088173,90927.1200199267,97596.4473491967,81454.1001758608,91676.8853164767,75571.2257779995,75638.4824765111,90471.9136655028,83161.2768773608,99566.2439674645,88679.9820319391,96026.9180480467,104270.880130286,98024.9195339772,85888.7547942341,99372.6977427912,87052.321058304,86386.4899595186,89636.8613536815,86858.0479127737,84289.8603363672,99014.8503542247,86522.4524958411,91605.2536172841,81291.4856459156,80508.7152064228,92932.7384032438,84460.8344288472,105220.505987448,90206.7080267181,96761.7435195184,92633.1623269929,83170.4675346662,89130.0965999635,96897.4672302406,87100.6615956224,97778.3141743624,84227.2620897157,116401.752894091,79386.0413670305,80314.2119215751,87934.0954772138,84663.3378240297,92863.6904860046,80616.7753268504,95941.4745106541,85330.8001235235,87661.6192789619,96971.9876885536,87118.8178060927,97197.0684033227,108537.267479766,88191.7302378065,80712.8313356929,90439.1229344587,77258.5973977981,95413.2755902916,96122.056210243,87533.1216120852,87644.8612302698,88567.0428031979,90972.6118335648,90776.100430474,88901.8059902621,85284.6205399428,83872.870335618,80558.0770763936,90549.8734843275,86503.1398940645,92548.2307044381,89950.2333680342,95320.9700758919,93915.0871763444,77429.5700122673
"errorsum",92710.7134902067,93486.4686360129,98105.0929094482,93243.1389445937,87526.7320490729,91102.1991924292,81281.0093938003,94984.7693823305,89819.262227124,92728.2539829294,89061.6930578344,85602.2812834509,84312.5974209166,102620.477898022,82151.8345515798,84698.6494208585,97917.3609463772,87074.9454611644,90362.1999956031,106023.751290367,83802.3656553157,82179.8796099856,86008.1146009441,81867.3613223248,75602.7867871421,77837.9191330822,78005.1183738742,95184.8969811249,98455.1392409182,93038.2578977115,83558.0118270525,102801.170008181,97328.6382125255,89083.4003168472,89015.7811580405,102200.677573386,86945.2679408062,83662.1906953117,94951.3602982913,92920.5167884927,97718.6989863447,93959.3254163163,79996.7816130189,91805.4284650977,106265.527481712,89832.9990913405,91706.392728009,98060.8834315573,83335.0759712761,94906.8480666936,88071.1973659302,82670.213283349,87240.6490163011,79782.1978970465,72905.834735778,86929.9287044694,97075.2951220998,93877.4995225414,89057.4855954256,89253.6186226661,87312.4345260333,90353.9897814363,87204.9596610218,89006.37704712,105639.053842349,94967.7355453201,92026.1389460787,91008.2893536338,86782.9523077571,108074.051333218,98768.1042735785,90498.1790080325,101753.672499104,79320.4529109103,88289.5912815162,99281.4741931121,101013.391762027,75646.8582937589,105087.687822472,91703.337597153,86055.7147077938,79547.5470331605,86044.2818331946,90956.0189875283,95254.0740579264,93936.0133111751,96213.1841241787,94005.2887274281,96776.2110696725,98047.0727031051,93353.8116458071,91991.4559235252,98350.930775436,79566.2943125531,101868.512561809,91679.8508289319,81834.3725802371,86909.6729082638,74811.0038092501,96433.9613090271
"errorsum",90899.5169296015,78383.5729923551,94019.6603275394,93135.4877244556,102665.939761521,86945.1677968033,85894.4289975936,86149.8389083806,107514.179557148,89837.524406971,89514.8993783499,85702.1869608889,88253.461112052,87584.9138098019,88856.5982132562,77413.4905804612,87123.7782828035,81474.4571707603,79282.9540365196,101332.729644029,87935.8216043067,102822.379177775,87587.518980661,91274.0119024442,90193.1499086964,83656.5504093847,78589.4585496781,75634.2696669015,91693.6938202677,89560.7251626854,93293.91759024,93567.0338534038,87264.4358444898,81619.843514434,93364.763378728,98497.8393753918,82563.5930025794,82594.3978176173,74047.6604828163,90750.0821472021,81333.8917421059,84324.8789460621,86633.8567511906,88196.9909354392,87477.7713001502,94815.8569454222,86602.3760763463,85448.126531176,105163.658609352,85495.677928285,87139.9105662656,94299.4756219008,90925.2899921768,86331.822846539,87485.0889563162,77059.8125664033,95968.2905706258,77752.8664701256,89505.569485821,88079.3344081058,82472.2938688776,79686.6028667744,74082.7466198067,82857.0964610987,98064.5777100356,89506.3231542571,83835.131032186,106566.947212736,79431.8770636212,90470.015661241,79387.8141940909,89092.2707164918,105311.409397381,93723.5403611332,98176.9514634608,94432.8478615829,86110.406341251,88159.215662856,88251.2029970723,92159.4308004142,99449.7615979757,84254.5620788227,86040.5144652631,99729.4302976054,82841.1384409571,89385.4055601923,89692.283703029,94634.7646750715,84996.5615555593,95572.3743965102,82200.5491083083,84257.6539843822,83001.5006866987,92178.3620676178,93259.6598560596,82151.2410922745,77082.080240875,102027.498468377,86715.0134209422,90408.3677934333
"errorsum",95444.4606239047,92573.7169511788,95157.3842227804,89399.6195806608,97751.726435416,86661.2627470797,74829.0909106133,96816.7720946035,98568.7608688962,83063.8939512458,77609.2661802524,76753.616677283,97972.1884857283,77157.4891231171,94492.5544616528,92427.0571322111,89034.1433913845,94386.0599948783,94001.0072213874,80763.1895614045,77494.7298647323,77609.8876322851,106191.926416907,77430.4807397091,92132.1347431171,84681.0034841052,90406.9916946557,72694.9571949501,97490.6002611148,80391.5720465158,85828.907067394,101349.416750348,95746.3797543523,77351.1912618708,101427.555668215,107658.617538593,83709.5174705946,85319.8319788537,90900.5798156183,82436.0438015619,82133.5176305347,93211.1482057198,99547.3601207933,86180.7811364356,101725.259640011,89523.4577184471,85250.5683929785,90116.6456649907,94873.7625462085,92300.7329664864,81663.5066894267,84566.9852903215,97112.0200860491,93283.0856763286,90883.9853790352,79862.0051939477,99827.8125425798,96370.785008335,87280.8519336674,91603.1577312813,76831.2289497752,92858.4142711384,94753.0825430474,98297.7373512876,79648.0207053865,96023.0726911975,76386.5311722981,86277.5179462615,90070.915111266,72614.4662943804,89204.8066570769,88191.8560952739,76273.5111190362,92571.5367322774,80920.4215823528,82665.384293289,105735.758757646,97192.5505733067,89174.048314703,83074.8744490431,94863.8605916415,71461.3548100948,82125.866041594,97143.6091894611,79364.5253152412,98653.9918736965,101221.837904959,95718.2419636204,84563.4103190636,96867.781757435,81961.0424786806,103309.620551245,88286.9864942434,93743.4574630639,78288.6612230528,83458.7355417614,94564.416430507,89350.3465781092,79505.8364866461,105427.197331215
"errorsum",96443.4296183649,94653.8756909726,93423.1838931747,81116.1003234951,91692.5133442554,81693.2014702012,90080.3253022602,92806.0214847484,93652.1645169862,94385.037018704,87060.0510384879,82133.7153181916,68803.0766199348,96234.985661923,78094.242077053,101548.547481718,109004.741929148,77236.769153906,101399.276522173,92305.2668106336,77103.9370348959,79088.8757669397,84787.038708295,91996.4632314244,79372.0192612373,103745.355141871,85907.6563914273,91323.3506944366,96294.424310082,102815.181270605,76955.0882816339,75054.2250916571,87030.695459613,88242.6113601448,86016.4674782842,88942.1263766796,96326.0095575159,90117.7430146732,93819.7843757202,81352.5539727088,91875.398614846,77767.9819601396,79548.7466389453,102468.802093317,88894.0800885438,91800.6747439931,107701.932327351,101577.955941377,81220.7086334413,80511.7702732953,77159.9015077631,97552.3745600658,82040.4198058616,75693.3882472083,94971.0816854261,106368.167101676,91427.9780070101,95191.0126875573,92064.0348744402,90729.49818187,96332.5671590136,86372.5853076801,81740.3375022002,76123.3897264244,97672.1175553311,99638.565368905,96315.8697377474,75119.1393005477,94158.508682296,108108.679900216,90988.0164166484,83406.5784074502,95470.9255475896,88312.6217775258,94279.3854995025,78481.3758446752,83816.3072643813,101657.696430917,79033.9115690234,89276.1782853647,79534.0028295355,98390.1265044901,103963.413314011,102184.039048,105987.651593051,89322.1452612218,88273.0978458022,97399.1691998858,86735.6688114135,101917.576693568,94403.0043911279,79530.9070754173,96447.6696893828,98385.942164137,96356.3091365937,86562.7126324976,73432.7845188565,99848.2561162188,86834.4420329536,90491.4730072005
"errorsum",88498.7594215932,95953.2628528406,86582.2389760194,90873.5740531758,75802.5360235337,94245.0458512127,91483.1876831611,99989.6139736608,83514.5240161443,88578.6180727306,92997.8396161026,83355.6807522789,85655.9177044398,89811.9012832629,86420.6263938861,95531.0198828086,98526.3630143659,78493.2024333277,85646.4700624836,102431.290935793,74145.4675134135,86711.6436205099,76627.0490818344,90595.7589992581,101709.60443494,86494.0217489908,94598.4818467993,85075.4933960508,89396.6204410964,92107.880734968,79768.2620828412,106245.357202469,93939.8396167363,95858.5271349307,89637.5296697791,92460.3454859916,86993.6069262929,79939.0375665567,81423.2010354392,75975.0198330616,92474.2134868203,92491.5812523278,90690.6780790333,86086.7205804226,88990.7041177248,92449.7289090461,94942.2468584974,89422.5105440854,89923.2270551917,89176.1089462575,89979.0979937745,93839.3340878128,102977.021892934,100837.220886901,98198.2609030332,85722.5876531983,79536.053401871,90698.8263518957,95715.6540552496,87471.9541853666,101854.189955651,94635.2910523635,93568.530384236,93963.429555535,82321.7660756652,94951.0383435562,93411.5681241298,105456.030580532,88521.3520706061,95308.0343365691,89200.0484012418,94226.8505612187,105395.273530188,99352.8589657961,92351.9969329505,100193.406479976,94118.292490733,90036.0288927217,114487.169761852,82160.3433560279,89360.5503324192,81211.548791126,84245.5753993005,82130.1512139473,84676.9917571874,93867.2536604003,88055.9146236881,95948.4801927107,104624.434011322,82232.0145492238,87899.3946737192,82468.436506339,93803.4863901053,84849.7703825524,85397.2089074909,94165.7949437604,79800.02798597,89222.1391156671,85981.979807129,84538.9850740393
"errorsum",91839.0024993922,84919.1701838312,76969.0855474281,88583.6829527134,91595.5810061537,104542.869949639,80729.1517892966,81309.0667557307,80805.8612465729,92806.6791997327,90226.3715778753,95002.9417083105,85860.5074995492,89372.2199555152,89017.5568416457,92609.4079474566,93082.5590250099,97832.0845244739,101086.064551095,98359.3153532141,95094.2440420409,90629.4111849567,89524.9215458588,78575.7595253151,84223.2790876544,95743.9277915561,97427.1001274829,85491.5558019248,75354.6365369181,100904.807685992,95498.9304582558,81479.7905236918,84763.1661171782,79741.3165217781,90431.1962570909,77721.0707264188,92597.715841806,77264.4080274164,86182.2393157595,104645.045242673,87806.3699722985,100488.424022178,100022.016475379,91708.8477147278,89241.6060105962,83846.5480749689,102315.239708037,81020.7378783142,90820.510130337,87286.3391956511,90980.6908074787,101667.885765005,81496.7274763609,95177.3237786416,84692.5976730326,80249.3863461154,81763.373109147,93447.31853172,84441.2374851269,96623.317450937,91064.1621881694,96997.1714619665,103657.004351432,88782.1232184118,96100.8280324942,84503.0177408001,95193.7540049382,89277.6469799741,92430.4793974083,87633.5134016939,86641.4495345234,89897.201563618,97078.9535332235,81961.4206795159,107205.254169459,114646.236801534,91637.0961372224,78629.5203158717,95223.2379141672,88278.4654959979,81702.6009556979,103546.547610121,82198.8779165128,90933.5123300042,87683.2368453509,106161.229799803,97325.299804039,95128.4524028231,103821.099113296,98994.9067577347,109047.914598823,91760.7802986391,84163.5602950711,93087.3279657486,91206.3397192357,87359.4948156185,80529.8799815168,74632.5252382688,84657.5401416012,90581.8543540393
"errorsum",76847.9675787563,89636.3462312436,89238.1074411667,92828.9502377532,87530.1261247586,81079.6168787483,94470.5017708,82923.3235945699,80909.1820743661,94251.5690945001,84811.5289702449,82611.2783768163,82081.797219315,90917.0717052927,97399.9922492119,90909.8129403749,79533.1148090447,93764.1262521598,81905.5569154734,97236.3570355349,87888.4684695017,90172.8962220835,107872.220455266,88727.6667416647,87479.6341245458,91296.5452846671,86168.4828508514,88777.8899008592,87543.4731045448,88711.8687579653,102762.01990427,96886.7470332922,86485.631635521,92072.8023841602,93249.2128201819,78264.6705863966,85733.2458701514,99756.1124553781,92107.6659104278,77212.0297448595,82788.0730290287,94578.0151588487,107767.952403944,97167.8109349362,95144.0835529812,93475.8744104878,84093.7624400392,94382.1755933468,97901.3516534658,87533.4550748547,83963.9555764778,87072.9119316966,84840.8387201943,89152.3138903645,95459.2811526162,85433.7110629428,71853.6793266497,89496.7356024308,97292.3311674879,89047.1760636458,103617.432561125,105979.890082679,87804.4434967471,75748.2240429044,81451.8746798308,88935.9646885476,79176.0189703576,102500.231979259,86661.4562631193,98792.3998638,94119.6535423023,97478.7516190523,98303.6977462419,103391.261512202,82811.6269394187,90740.6935202452,89707.8909365029,93619.4143333246,91429.2817096322,97114.1146122784,89230.9699708492,90956.0737400771,88348.3918487893,93466.3318779486,90065.3217206111,85283.0670709655,89394.9027047263,88248.6496414547,100322.783034553,97077.0179259633,89084.9927492091,100806.35134474,86112.1710643103,96798.5468886633,93113.6823190885,99032.6556642336,85277.8341315072,87700.7317034634,79303.787461861,87924.2726274064
"errorsum",92576.0672440145,93639.092947765,87594.4579137198,93183.7044024441,100912.832463547,90337.8285333071,73680.5731229108,104444.368942359,90935.2264619937,78230.6179869654,85125.3904711071,84877.407543617,88654.6239866901,91706.7911401625,82293.0249401812,81166.4938831135,79435.3096973773,89524.4087917558,89627.9256107412,86089.0679159938,81908.0290062999,85221.6804307365,67931.52632666,78963.3809350886,72715.011915736,78626.506283335,96890.1385110636,95904.189939541,93356.0501832644,89493.2750740697,77632.9300278716,87651.7209037889,94845.1399262122,80983.414130735,78577.4335191846,96268.4211581319,91654.2574215962,84895.0682833178,102420.409004873,79169.0514043657,89954.7704665748,91237.5375131346,109125.091707871,91766.5360335769,79750.337905647,92783.7994180151,83610.7347316742,80667.9418296594,101755.938567166,75425.5908242207,89715.4305003534,106365.627492148,93710.9923066736,99646.5674417953,86848.2463397812,93322.6640535712,79109.9265054607,81487.8784608098,90379.2706082336,86762.2266343604,89764.1820935701,100426.228102633,96624.9822438458,89065.1249753154,88822.0729031596,98738.0033968817,86804.4134631984,85417.2456193086,81023.3774066918,95762.5991413749,108710.024365155,101276.3325342,76572.660539568,78742.0818500748,91069.1482850935,95108.7135271721,83630.9028001828,85127.3463284066,83673.4955428253,83344.1985483045,92295.5201847299,88768.1123570026,87881.6773620135,108698.037531749,98202.9023464071,86566.1741007308,82219.2172818935,90785.2518253698,79107.9212817465,85897.1591086543,70836.3491965255,93794.8050948222,101488.404622231,75700.5924146597,76643.5104599427,81652.5015982861,90159.935783459,81459.8402072755,93155.1852871571,94711.1309850612
"errorsum",89485.6582397795,95108.3126511289,92694.1099876194,88255.2766654539,97050.7633163665,84174.8372263448,112822.713858302,84248.9023457895,90067.3096659387,80560.3275150533,102099.091081032,77507.1348868747,78516.8551300654,87603.7227086868,76366.2333252062,90603.4933438602,75504.1477968493,83538.9321501059,87679.9444823334,91947.6199435027,82493.5396295118,87041.6322242681,89306.1387905955,87551.1267403797,91714.7926513116,80391.148840738,97693.2680004498,76448.1865905748,79133.0617272957,73076.0651309259,89944.0735240186,95463.1071133696,93579.775580288,80563.8630939371,80092.6867083227,96391.0396615514,85704.9444191675,83139.7013124461,88903.3102979526,97185.9785316279,98161.0809467321,99164.6380592249,91028.2259864179,113702.789329563,100572.947069182,75748.6642978054,102370.753275722,98180.564195618,82409.7504018592,79927.0248498392,95169.4934910222,83013.8392763458,84926.9815139392,85136.6849055035,79367.6364513519,95558.1014787977,100476.790885755,77000.068788019,87477.9034532352,95272.5561793766,83998.5140466676,101501.990249479,82902.5249703942,92663.0236027412,91106.7755803491,85513.5865876066,83661.3051850808,86259.9531677534,76227.8333586026,92442.8273398303,102400.863616093,84683.4250852622,79259.9660371054,87104.8787658352,98478.1801555763,83775.2691363566,91283.3561784227,88850.56592208,88919.817622061,108950.596309477,84721.7993531486,89892.2197820347,84472.577686303,86224.8996096206,75210.2387655722,87551.3469940091,88937.3969957552,77704.7826647628,91972.5731323922,86615.6049116282,94019.1120804701,80635.2826455917,75342.0651354182,96586.6863958472,69443.2418666564,86221.4603739594,91335.677539684,101402.753667636,92455.1836753476,90382.1139130107
"errorsum",85049.7372114265,94478.12334302,95066.6296854152,89049.3681822337,95668.4060094265,93312.9740952674,107511.766014481,88795.4015045833,75639.7008010985,85086.9844245521,96010.3860081608,85483.0045808261,86782.9949097163,91299.985807712,91818.5854820468,98177.35204747,97149.1701802079,87328.0002699277,95054.6374834335,75200.1201263502,84319.9786799621,86934.974938913,77147.0269237121,82954.2677619073,79974.8783606257,91398.6877309557,89982.5963900098,83886.1408046105,94130.3513646474,93016.7977040827,92548.6276697351,91531.9169631337,89816.2497907081,91662.9255521232,100295.907266814,89450.895098724,96953.584229452,79430.6246825009,88025.1893091352,79442.6152381165,93281.0908821195,83228.0704790844,92668.8836561268,84921.1973118281,94770.5905639772,83879.6298043435,77439.6079171395,98649.4078408511,97788.920426633,98752.8875798432,94120.4451461724,90378.9767647546,91790.9646210502,87589.7843401697,87316.1547395434,89279.4069192561,82735.3054568592,82719.5256200583,92404.3723621783,101390.826098684,96329.0042066475,92905.5031606835,84194.7932110636,89846.8871574832,82427.3597110314,86473.9292397,96309.4339585072,77116.4214497341,91361.7914929243,83900.889610145,97441.7295787004,98548.4694376422,87284.6999415625,89313.5189075091,91729.8818100255,72603.4926456628,87807.6391452606,109040.937006486,95516.5925291519,87147.3041256018,101771.193280798,100578.394476856,84040.8305120468,96926.173347755,87704.7557604851,96118.5936548633,100040.694508093,105119.813058585,89085.7685281842,104767.456170914,101781.936270701,101099.239537969,89903.6489062681,88073.2921565046,96358.6256631169,78265.851066206,89984.9350625354,84195.1476928527,80781.5312424267,87293.5082271529
"errorsum",92754.570729787,90000.1345849654,91035.7955563756,94887.7444873714,99471.4830824761,80041.2071316786,88585.2872775422,85505.895386949,89441.9449315632,93296.8715288457,92743.2228491067,94082.6927889625,101390.744918655,93809.6598173531,88254.0193488979,76294.1578938187,86663.2379173826,87049.0893340957,88157.7033729228,104112.022965823,86099.8492467038,82005.1346175542,96369.3042855417,82634.1531276002,77163.1815902976,91234.8823266248,92661.9063161363,89317.8939429007,107351.91246174,105536.111504732,88888.3404297594,84549.5646805458,84355.1795796888,81858.7951029029,75460.7913614327,82859.615038642,85864.2556046362,92018.315384976,80173.7665360962,93144.5474008874,79349.2256459275,80815.5753791598,86469.4508274097,91043.6893935679,91873.6945988023,83691.3367551083,85402.8078164269,92689.2143524983,95475.2920474018,92653.1118446468,89670.1376510599,102995.075020325,74767.6522208546,97774.2699929153,94010.9020425944,85907.5805055852,93015.1618604984,84549.8201389447,105197.127962909,81391.5268991997,75012.0775689224,77843.5224312414,83295.5108113426,85634.8898228312,82815.7858568577,83846.8593551028,89069.0448308615,88705.4311354511,91656.5851379091,86369.6017407584,90191.2971153428,98616.9784527237,88998.3959671237,80414.4767045502,103029.814170824,80691.3897515574,96644.2520269551,100928.734579778,87351.4553062046,84130.2428497446,89272.0231791331,80748.8318895926,84293.1397196731,88713.2845296143,99044.6340636117,90301.4155409657,105016.468826157,86292.2515511816,96667.4464093593,82696.6415814037,92796.729024562,91995.3115136114,82419.0015280496,97318.977301131,91043.7123553385,96277.1578718247,99866.1744057989,85423.4164028996,80946.4907578509,82353.7794110042
"errorsum",90953.1047799967,80428.659405534,100458.426314457,89829.8368011983,89186.0084521552,80713.7120742881,77960.9827816585,80945.1423826824,80957.6793936882,82377.3197808977,86177.0630789858,89739.0133357657,87542.2321984109,92140.3678944163,96381.2117730756,76018.6124202511,87218.9644527104,89848.6703239381,91901.8455090866,88834.9617360512,81853.8000958063,84462.1876285368,101825.118248144,76765.5921129383,102010.583987599,93404.6221888304,78587.4434600645,82553.1334716369,100436.300269014,88569.3302895011,77010.7431339308,76472.5459109547,87431.8058646406,82142.9172983437,102974.33516543,82304.2990901357,76700.1754695693,85275.8277525421,87266.0829740099,85330.4332361308,101679.913267035,91986.5231685606,85805.3183855294,80692.3653576272,102908.432957296,98809.082765409,93389.799990936,92818.1663219414,90702.2388284332,85848.646656521,88660.9998350919,95452.35589723,89129.6390107694,94894.381551281,88610.9672037625,92391.6148496604,92864.8996522436,79220.0057412385,97424.7098380896,93326.9376160477,101210.750230826,87543.3606754108,90808.9242446426,83118.2948625075,89324.7769541704,89061.0510472941,88708.4083849075,103368.985581421,100471.561896179,83112.3977556577,80581.6477193931,100220.877677727,84538.6929225861,82367.4590399249,87054.3231146502,95032.002008049,89941.2260605045,95669.852164687,95151.1349342117,79746.6927694772,78952.0164514137,91973.8733403871,95139.9106018304,100315.861325088,97223.4126074307,77699.604443991,90060.1916309157,85060.6998164863,85532.0874379271,97831.4670186829,97773.3082984015,93357.0576507465,90839.9452426613,95327.3650028237,85135.2435435638,84956.9568749562,81056.9675650063,88729.6414978972,85025.202547422,84389.8824733344
"errorsum",89884.4258626906,88363.4623501773,96779.9147811164,95338.527783629,73804.5896270497,93191.4620730362,91095.478159327,86162.1798392396,92982.6413998449,82482.4807125643,81372.6169287875,89420.4041971686,111957.19736921,85288.525404857,94097.3679086508,89002.9421438886,92503.0442422334,83579.4182428869,106619.727694213,96427.488034942,107484.77290153,79633.168106715,79038.6784994768,88851.084162272,104595.200021466,94840.8523613138,87500.7326955158,86652.4622399933,86950.6324983417,90205.9103713338,84674.7193729925,85171.8822765946,91242.0832216763,106035.131195058,85842.5851885559,86600.6228940904,90218.1994351669,92564.1904193647,108407.460896246,91937.1184157683,88595.1401071929,74733.7443083394,104070.084353262,92108.103811484,76096.282891773,89307.8625476442,88678.1163714488,107446.913070778,91056.6189974619,84675.9130419444,89876.3154691839,85575.155726166,94681.5142557876,80725.8759500583,101235.565381677,78258.2563001647,85637.1524838775,78928.2310629349,94243.1168405967,93445.2390513844,93259.2039505721,83366.521573941,85903.8817401915,91758.0828048031,96174.6828480512,90864.1947495388,91357.8291999195,90155.6942092651,94448.8199939986,98888.6887672969,93198.8370001416,82696.8857737361,83278.5482863739,86278.7825594639,89445.9027253504,94576.9097018576,76256.1648282454,98341.3907027871,87212.814304587,82381.5557963865,87317.970343302,78260.1366609198,77461.1504882507,88529.4329189606,76817.9181277753,93772.0676410722,95944.2103048121,82282.1752959076,69678.4033000913,96455.1886475472,78347.2746138324,101054.729572135,89384.4899759965,80122.6084049767,90357.7596204311,88157.4714580044,90952.231508345,81071.1784650736,81656.696372599,84405.5464242572
"errorsum",81714.0910796396,88560.285332933,91146.3946605674,93238.1059245098,94285.1581318759,91312.958952664,85196.2002165149,97094.6603247126,84951.965738303,99348.724938779,85882.280724113,91238.7255370843,81095.6813061833,109751.884235486,84142.9293274708,86142.5735168606,95187.8996484106,90644.9497692862,82696.5773791752,105438.383008121,93726.8483262034,93134.8769784273,77785.7351379471,87454.3676796877,72236.3127234713,103964.331240311,85393.1787751162,93201.0302963605,80556.4150671206,94657.2966705871,98148.185777608,82651.4305691534,103171.573833153,79688.1098629489,91971.2796107435,92560.3122939563,100445.127491728,97731.0623569379,89311.5481264609,105115.443618062,87957.7037787346,106803.455599463,87927.9578716317,79129.8254323192,73471.3048711001,78263.0399596747,71963.3067818499,82032.7428938056,93878.5882138433,84729.1073199865,93487.8928496733,84552.833495654,93970.9973453872,75963.5735472667,109032.148123229,95597.3973130719,89139.2455781961,79802.1851495719,84982.6412021972,101294.003095812,97946.0387775619,88607.7000091061,85610.6394406918,81824.2069783465,83301.5110951324,102843.220965806,90022.6004749819,92122.6141019712,83019.9208437103,86709.8113562334,87960.7583997839,94765.5621612265,86056.2219904602,88200.3883691931,93306.7380577595,99011.3528227096,86273.2045917759,103039.715959091,90575.3669105473,77757.0411157723,101793.85952134,99703.651507824,97439.2571345203,93140.2869979133,102188.967918895,85168.3534597031,90585.0378555251,75903.6512805847,94376.6145809352,83055.182437009,81336.2895832635,86956.2163749755,71831.6817710906,84969.3258269948,97972.7865052102,77238.5961730824,84906.1794498095,85342.2471620783,86430.9822003904,82286.0752552419
"errorsum",85519.9041869284,89025.699317213,85487.9353485161,84589.5600089271,86567.4287133118,94603.6632646937,100682.55180874,92780.108189189,82238.1425795418,96532.340088679,83839.234140766,96689.2787915244,84000.8228996406,92636.2005081816,96945.3090437251,92557.2961714148,82735.1145845161,85778.2260643288,102345.092617519,98378.1458708894,89861.3152855223,85768.8446641898,98372.9117848548,84292.690296783,74836.2406645023,80995.5125471338,78308.0542173034,68432.1617399045,88391.2798217178,75921.4820319498,89974.9636777779,96924.9304337133,92444.0044322726,86321.4219754061,80832.079571278,80708.4392198824,94103.4836302736,66717.5255537121,80582.9186143653,97461.0097156661,92937.353071821,83693.3289411986,83342.3377523479,93124.7065544568,86884.0070111555,83009.5396847722,78884.9747101378,98428.8355013376,94659.3726965993,87654.1318027782,79874.0324275242,89946.0391393173,104819.270011534,91640.4717210153,74870.6705048836,94338.4525147384,86170.8422232975,92199.0394896614,93467.7767519777,96404.7940353116,99866.1009083242,91116.3006275882,84735.195326454,103058.759737143,74991.4476479605,84681.3986934298,87579.1292396429,77291.9547575889,87660.0118480358,76547.6448800154,97366.8628200982,94616.3926637698,89869.6055812974,83571.8340639748,85956.6611396508,103593.860114875,90186.0489237332,85811.588190822,108690.172191261,70880.1766906222,89729.2191831824,90258.2072577589,89727.7497296579,94412.3537725603,87319.1476387733,99683.9029770879,88793.7968785868,87163.1118054776,94573.9991224022,89067.9766647004,97329.2847640406,92955.466723325,102878.736831623,108465.600442223,106070.964005787,82344.5637726067,83054.0649298897,95213.9860733811,95093.7049350509,79923.5980288717
"errorsum",102180.696632442,102532.281735715,88001.6984241807,106918.891565044,101273.33098967,86869.1281545416,83686.2806988968,92413.3231659827,90267.6432426385,88825.809908685,93766.1229806338,109143.156247899,93141.912657245,81520.2457702398,88522.3672872348,92663.7398902992,109730.86999009,83540.4049431621,72678.1377706585,82811.5132717671,84952.1049028699,101530.047743718,93586.5997583949,94088.4949144746,89904.2400449866,96251.3132391932,83934.2874386441,86953.5276897248,84485.0656473087,88669.2218987673,89400.3961260537,95952.207567218,87480.7618619191,95508.4517942162,80275.1550594333,87080.5981706558,78134.8300920955,85004.9321801003,87316.5661523049,91266.3662374806,87200.7718111797,95558.213971591,83617.1215820779,95081.7054560611,82650.9191211955,89360.6548865812,93288.9986312568,90979.4328982135,109869.411584829,90222.5419090826,88745.3721986617,102639.581178652,81255.7371730483,86782.2324605384,94301.512928199,74497.1263439837,87083.6216837317,77565.4430922894,114644.34540163,107103.326008095,93823.5605590214,84606.3471703711,91322.861565384,94549.7095617364,106392.141527496,86406.3908122561,95247.7881514855,77107.8171345124,86568.2314325952,91737.6455530229,85672.4270363756,94026.5254184884,106379.985383994,92720.5134766645,88985.388021124,92129.9558164784,87386.1904737237,82945.4686508331,97404.7952335725,94020.0711082991,92645.8548139441,101544.239387855,92028.3412117352,83133.5974868373,98202.2152745629,84017.5102023217,77706.2740466013,81313.7016086664,98548.779706538,92028.8281780976,74187.0870684136,98508.576368794,78849.1670184912,79409.812118634,97497.2540712113,82888.8395998869,88008.9725378883,86970.181935127,78914.8611022026,102705.170256659
"errorsum",95646.0909263676,94802.5556915685,85738.6230911133,92051.416790163,93357.6033478295,84785.2690448495,100218.624153755,90083.0619871519,107696.461660927,83572.070798436,95498.4084812888,77548.7079911269,91553.7729308672,91545.5844677141,98516.7315708501,95237.8486588984,103131.19964008,93560.0882153533,89752.0567395336,74039.581052928,83758.5498307888,95208.0179789599,74597.2863122991,93731.3599801272,88903.3590587587,86983.6602242467,80748.44266792,97637.5264428304,94138.3680593637,88857.6777546988,93616.3481832249,87892.5362090904,90606.4111069329,93495.6695208584,89962.321518655,93294.1904518328,103338.575608391,85371.9675200547,95557.0366419949,86846.5579111761,81749.1063586259,99696.2520435633,98568.2226489107,99273.5504107501,100682.354781731,102438.876035752,89847.7131774229,79242.134925467,81518.663759706,86430.6375509165,80160.7817357949,78212.1300800798,100902.146573737,100646.9496482,99003.7333308301,84093.4611172711,96370.1256010682,76390.0005037458,90107.8949428348,83315.457877641,100794.516403702,81069.0334082581,96570.3386826017,91152.6246930916,90980.2190252568,91489.6382413855,89338.6987707341,83043.7809893443,78424.196225476,82944.692376666,88352.6070284007,90959.9977421817,88381.4230446487,81345.1900105465,80352.1432595552,96252.6660734211,88309.7566813006,79597.9840260315,98549.705503232,84310.4250165453,86004.0280706202,79133.6807928614,92118.6998862243,96764.0224411441,87124.2535938005,96378.6002639286,88947.1260667574,96079.0669438829,90243.3269475908,98542.5133216397,86480.2832064386,87291.5855278746,100123.116406345,79217.6609136758,99694.4698340255,80135.7152695912,94012.3188721631,104500.407266388,81144.8369508012,103811.694657258
"errorsum",76854.6422212344,79049.4669467671,90719.3295363776,82039.4036309036,95103.2359796442,93951.4604634606,88881.8655856035,95633.8978825213,72179.9728173416,87158.4083499736,102862.241397431,101873.399487006,86785.3307031897,81084.8824659122,92623.5247122328,95407.7926113605,106055.389792259,88572.0937524143,92772.6293315801,84188.1840195914,102848.429021353,83155.2841374473,84779.2689353378,88260.872527094,97639.5212806467,85909.6021348206,94457.0446554622,77698.4881993605,93601.4597713791,82132.896938733,80422.9893901572,83523.9193060221,77415.1801051246,96803.8622914307,92785.4772931148,90147.5715251903,76885.7389817194,89478.6080827137,99515.4930065962,92566.0323405316,85490.6707221263,84461.9077736482,81841.6804321113,75606.4927022264,88533.2241180074,88785.3253682173,97427.9647110049,90771.7710027488,96272.3623532499,76030.1229572716,78637.8123840548,98452.9942748265,101973.965717519,80889.6552905574,87157.4964846666,104441.640646535,79167.7785531932,81708.3248228619,99480.9843956534,97585.6884983,113319.887453363,100555.047491353,80892.3729442522,86986.6276508134,94105.9440882137,98159.856658991,84451.0379556726,86639.2274823498,87811.9733585566,91087.26739102,74218.8202669865,90366.764091801,88041.8560202489,108268.399400669,90262.9430113693,83391.288349164,91399.7399043045,95738.074039596,87396.7048932418,82118.3734672663,90089.2291986383,79361.6925384123,85729.330141095,90710.3140031282,88513.7239915576,92824.9181095403,70824.377445623,87739.5760673427,87055.5765662657,97126.9600998663,97795.5956829099,88137.9478366428,81070.30113469,102007.630852391,82627.0500365716,86788.1628078069,85873.5354116549,98772.0552377929,101953.567094324,93226.8178533225
"errorsum",98394.9568714744,85252.9735953951,106352.842432196,89027.5791669002,85332.8440683216,80504.5602085285,98765.9601746727,93178.7550103943,87878.1497192492,77782.7426189665,95001.4273885129,93811.9862206435,94137.1495056774,99040.8624475821,85738.8164306266,95961.6720088159,96047.5119488619,90694.5667125819,87908.0094676839,86734.4278747487,94582.3614160001,88118.4786678961,102636.237055778,100772.347076888,87441.0535195249,88504.1442659108,89740.7548339216,86820.354623459,87644.2438732697,83051.1443228564,80560.5893104904,75493.6570977945,85683.7796690375,78342.935436735,96909.7477655472,96879.5428032267,98707.2141675458,95287.4834494762,102835.202245101,90356.8888362238,85828.1995217975,81303.4458932827,80715.9638334399,86275.8719383915,92692.1437691217,80575.6641453251,83887.4148300664,99393.2547168843,90686.2791557656,81985.7084736065,84684.7201504608,109962.239839163,80160.5457341614,93966.0624594691,77684.1145380491,95906.7105269052,93022.7372182508,90502.8503933763,84828.5896243346,86695.6426991255,89330.0300704417,97239.6816246198,84629.887385564,101613.185182178,89598.6314951012,96857.1450482006,90545.2432341876,80987.9663713344,92739.2894898088,79463.3789310342,102704.625263964,79191.0865673688,97422.5282856522,98518.0081864753,79344.7453574852,81471.2382008904,102075.993735583,99889.1597933202,96180.3673890434,87775.3959250316,92786.0179656239,77642.029254911,87912.9843384692,88767.9183329887,78863.7160964445,91993.3888052989,90784.1403356332,94504.5802140606,90199.869294154,87176.9937107615,101357.444136827,94831.867563181,81045.3575854268,96691.9214067934,85888.5022792775,86414.8625955889,80670.7120096657,88259.7685915534,81717.6428454401,93323.0917401902
"errorsum",84173.8427527869,95155.1826897389,101024.35344751,80453.0171659824,83928.9194517285,80333.3572357185,86803.5686798506,103873.104289676,79815.1095846363,82111.6202464563,88637.1902616487,89337.2796513775,78070.2456007084,80313.2214915299,95538.9134572595,100041.974666132,92905.8608157935,101553.085784322,88245.6790312771,94506.7142139984,90868.9918236945,91134.16136775,81596.039717585,82048.4975621918,90489.0106337848,90959.9882984075,89705.740784063,96687.137207569,90440.2563681221,90559.4560490592,79895.0849761001,97143.7080651645,89554.7927515308,83837.7731905533,86922.0827323172,79852.1647888516,87908.572989236,96486.9122893462,85439.1320762541,93404.6257528217,79423.4136883344,91904.4508999579,92031.5509090046,80459.1324204428,97996.1007367464,86929.4472382429,93012.2116254821,98597.478365507,86784.3883715031,75476.7139576829,89101.2310434321,76119.8381671129,108163.546548837,95402.304356324,86327.1383506111,82540.1986189593,87912.961721767,112272.322685231,73624.0188600727,94838.1705311737,94035.501818463,92541.9256336601,72693.1406222843,80790.2870874927,96125.4180902221,89802.1051646813,81975.5403333862,86780.3348081338,84634.1531045,107744.763276691,87116.098042764,98487.0854119437,88144.5228556449,82077.2467644657,94597.6757661829,85645.3034819887,94669.0870830694,81745.8127259687,86362.6287754934,92019.6175819468,85109.0601861723,84928.5529019856,83102.9113794751,83200.1396875895,82171.2547977598,87403.7539092023,88431.0264497665,92265.4409608243,82268.7132101956,85566.5748793274,92302.9884621921,82479.2929312066,84175.5677460299,72563.8687850717,84651.383182307,95735.9865806165,85374.0995937439,74624.3846544123,90382.4338355963,89054.9519356826
"errorsum",105259.395346156,95151.5611014121,74325.0972362187,91776.6748244883,77840.0775618119,83451.4051249075,99511.0866976704,101271.921144458,100254.678251153,104729.54510952,87849.7677169763,91626.4116054957,93706.859782645,101427.525115354,68794.6336667166,84406.5873880783,85593.9214221781,96438.7772880103,87538.9665331424,90066.2784289098,89851.2360049892,91169.7720966806,83963.4830853669,87610.5329460946,106608.183429971,90426.2705233766,95184.0341140859,81762.6809906972,98770.7056526822,84324.1775574477,95396.8359510337,86300.7641843603,80837.5449252958,88709.9430597212,80366.3095141995,85132.0057261395,89023.7923310442,67700.9669304087,90214.3921232431,76213.1186271891,91563.8481373459,87175.3261863112,73032.9795936275,95820.6271726648,93740.7447834285,89748.1902646415,95084.621547918,83193.1832155226,82191.4801503199,81489.2376038222,98807.9421855273,74015.5214158748,74166.8367083207,95733.3522003205,86269.7669010753,99762.6828968615,92894.5381512579,81437.3087126802,96398.591614945,76883.9244672418,87506.7836708321,106316.383708527,102378.687592919,81049.7557268683,95199.5380111303,82549.025334012,90626.7900729842,88607.1541392244,97986.3214719118,83888.2889833726,86918.6248260019,97370.2861471264,78037.9926106001,83593.6691834579,84298.5592591512,97370.9205916193,91766.269207149,91861.5998664828,91412.6670872812,104784.64612604,94877.6574332454,89544.5644497016,85478.7457094522,74719.3808672826,94640.0918039471,82268.9637208112,85649.4781868106,93945.7362865166,96913.5680890084,103650.8233396,90748.9836814155,72603.5607834869,97821.7079938586,85147.5340964497,78833.8656419924,89034.8077208992,88638.5397259313,99571.6300259235,96747.3423072759,82791.1610945977
"errorsum",103248.903156141,88154.3625938611,95146.8197136349,89084.8856610364,87098.4593738216,89625.7014328782,106180.265064671,84243.44061296,72643.7007760216,100260.797740342,83976.1233983748,71936.5381006989,92907.9697171958,84429.9132267834,84448.1871749107,73302.6468848823,84082.3979927761,95004.1066117782,72411.4556612524,94042.3937634181,79957.1561407384,85184.0073745746,82537.6356276246,93178.3745388902,79009.3302524362,77555.2559611066,72331.2948443643,94609.0184987831,92352.4164425545,81563.7949906735,96100.1050680899,88315.6422202196,80207.3199040933,110492.160703016,87070.7664388259,82360.3434376574,87231.348790961,102555.252747991,84866.4576905826,95580.2185938739,74752.0552782599,83487.6266577767,86788.1989950445,82380.635798833,90177.8039289823,78203.3730433277,81466.1584876309,95446.2014129223,90908.0682928127,84438.3318551889,88031.3388759687,87608.5098670234,86872.1613242523,82663.6926284232,107671.662793237,80191.963194721,96160.6173223701,91673.1287229184,88404.6290021523,77197.3858891514,96967.5167053059,86249.9100651983,94592.8910265384,88968.6278511772,91575.4325239392,95197.5206826737,91788.9905362966,91434.2151740547,93871.9087080596,77569.8673617891,80014.7182523535,81729.5645303862,99076.815749798,83059.5961162096,94000.694283882,97926.3209351416,98952.3024275501,89829.5501804632,90072.5448080714,90477.7288524371,95242.9224563916,85065.5464409483,75032.9410314912,83084.8946898993,94604.3741656408,87675.3766907192,91039.6910435093,86795.7086184056,80861.5787248138,93673.4376092718,77931.7404177526,91250.2584077451,85691.2854993671,76425.5215424143,80329.8319085898,93960.995310789,96024.4353950928,90436.2062684099,85247.8410615322,79085.3991393567
"errorsum",84245.4905244395,90388.4060570499,84746.9326617079,94452.8527792897,91466.2050131679,102604.759594752,84179.6031380819,106685.552761624,89579.4723483282,85879.4333510343,95777.6901171033,78153.2092094674,86577.2918402602,79079.50253788,94328.9904543777,89700.728578787,87245.9179501075,104550.817016677,97069.9190316684,96760.4951248562,96188.8400881147,78078.906966355,79218.2931693393,81420.6693254724,92771.6825135145,90458.1635181631,83429.7374185452,85622.3426919177,86038.7536804359,92563.117088908,83466.0908841735,100845.734253214,87045.6788943151,84130.9580845174,78689.4798712586,95056.1544289522,94702.6995274182,87742.9483263723,89994.9252845069,89219.1294635631,93655.9794970653,104176.38746895,93934.6951696532,91969.8563501506,95961.3303280732,83411.8495276783,108003.055584644,79874.9087328676,81923.8268904986,85013.7660749616,75387.2974116763,90920.6278467785,101172.350220367,99381.8781741952,92098.368481852,86164.6638804956,98678.0172284143,95565.1055378425,75211.8413101092,89241.7245547275,80507.1807116016,97618.398144043,87534.744320578,87137.99066254,88493.7273283449,80712.381708199,89014.6570601551,73967.5585253988,90881.8401429646,87753.3712172695,80168.0983984363,72032.1805843647,87354.0561944505,88649.5029943349,99956.6277988068,72974.7430341157,99889.6931682803,96526.5961321671,97547.4202313713,80234.3394631837,94728.6793652897,90864.3023108918,82706.1854072286,78524.4065572355,80329.514144066,87584.3757995609,91495.6827645939,91936.969042833,81724.7874478912,91820.1745797196,96222.1148107188,89199.6050467601,88610.0121433342,93996.9772050146,121229.436714421,96563.4251339825,93872.0767309729,72825.2013935026,81856.7679805419,81065.9550958421
"errorsum",86510.9552525034,87592.9401036342,91315.805196765,89584.1499818344,86754.2828372275,96004.6111922881,85252.5377218954,92038.6879825466,86741.9392750946,85969.3920581246,80324.1935929003,90669.6962820736,89085.6293488102,85067.1943706518,94961.1695957925,85081.8036824349,80082.3863427718,101863.587245532,79991.8679930135,102002.384590397,79148.8994982816,100175.595372633,81680.4247928362,83573.1734615943,75736.8879250657,83737.528119218,84020.6549505311,93999.6980060958,90723.8357427361,87649.077177373,79269.2806388657,81498.2445337084,86766.6675074523,79592.9596422007,89536.6510587586,86181.7748381202,89068.9402281703,92208.2399455638,95997.9045339414,101333.18945532,91130.9929446412,85005.7219150393,87630.9675695918,101793.085119013,83786.8831809428,93218.7667285972,89805.7585108812,86946.055270956,92940.044543058,85898.7246655677,81967.4892526759,89031.2492193197,86996.0368647333,102834.672389124,91206.4237639248,106104.667300453,76543.2907967136,79322.3040647595,98438.0913679062,83986.902058411,88679.2552947045,94907.1851342334,78336.1726534801,87278.7531035465,84220.5081488535,80015.2081909084,88759.4726044425,95433.5736075672,95755.8074113498,93655.4710983746,85478.5202244276,91306.555432143,86636.9463866965,101001.087880554,90517.6704899363,89561.3213334237,90500.6077189209,90623.5019385818,83771.6449364464,98810.4938389497,85917.3454613547,75265.123476644,83086.7300008594,90467.3631589869,94382.2303652745,102347.909005212,99381.6937882251,99226.0798725791,94410.4358032689,97744.9861622449,75527.4739555205,91604.4190542354,89474.0912385138,81647.5769429496,65205.357345223,84456.178773043,109381.479417832,89572.9484365717,88979.7512078776,81756.4686058128
"errorsum",91952.3219341312,79295.2755767391,87698.3972992738,93254.9953991779,80782.8675890016,90488.0727399765,93869.197781704,84484.7741443886,82069.2787185941,87650.2586607013,79328.4629424021,96948.0318840694,88892.8546920144,86915.9446434518,89675.7226440729,84689.4705196921,91069.1377685518,94651.4147861908,96223.0520988854,99283.2556112479,83517.846222817,87050.430776939,90047.2032032394,101125.585467946,87952.9553959608,104544.802118123,85614.2592594923,99806.0940995922,91348.963391378,87630.9383939777,87730.5553357322,80166.9934049906,62231.4815439976,99432.7731345881,93944.3664887229,82659.434855605,99613.4567138442,89915.5824868246,85560.2937773252,84797.0521408402,86064.1800751412,93590.3341833134,95067.8680370948,84945.0137645914,84147.5145545838,94807.8947879254,88715.0440770337,86234.584123393,80890.6664798329,93932.038385878,85304.7054912839,97587.2331734126,87014.18057,105322.064032809,79877.1775399461,89639.6380653446,87399.0127103939,101590.278540806,84282.1762461204,97038.2495147838,95799.3385446024,93004.5595948477,86908.381162918,90257.3733545069,94676.6165330189,92276.6417221381,102930.81483107,82297.4204525978,97896.6896423367,87051.0747676003,94678.1613227024,83038.6948988231,86550.7224787015,91602.1158944537,91969.5291144184,85599.4633024435,91723.7932757344,81802.8249379614,74605.8536861312,85995.0346723217,88617.1075808949,94872.766599498,91618.9147056273,90914.13431563,87715.4135145139,90491.3654341384,103123.336051759,79111.986063247,91747.7449714827,89073.3251135244,99548.9792694596,83216.4222156662,98808.3609995975,93230.2668677912,88625.946175893,99141.4000793858,82877.5745542575,82158.3832143736,79616.2853641715,87077.1346524752
"errorsum",89316.5381836011,91853.4045292633,75380.05101018,100000.989008792,105985.43811782,96861.2245402789,91320.6024812772,83397.227196842,80408.9962828487,71804.2324276084,90046.9773976844,94853.1970247911,95700.5982539649,99319.2309272131,102156.537502816,93299.2611828425,76514.4490569991,75010.7259816097,82559.9711942553,94384.1640733943,100372.21136844,98332.5105604817,89475.4062057063,93255.603183224,93333.5450798146,70477.1623982599,82617.5070166496,88559.5548675096,94622.7164661306,100460.721785099,96631.1734380284,90314.7596753662,84673.4954660942,83243.5497608907,76338.4969907952,79907.9234010894,100418.391921456,82982.6932430625,82662.3439268401,90132.2929133047,83060.4499857028,89808.5236087449,81387.9633423157,95111.9809950377,88766.2692290911,96930.5010696408,102518.371803029,85379.2973536973,74911.6237646324,97052.0641012596,93218.6093465277,90830.3209091395,84235.6052703735,85468.9407282402,86455.163860353,102215.608557613,103718.472953362,82259.9586173802,104193.064243425,98127.8561774241,98414.8787147971,93645.4000904893,76284.7377336924,91565.1723860798,81150.5608206549,91649.8212039909,89621.4203881014,87314.5197666836,86547.82857964,75054.1079460815,95581.0094655022,91454.3838409643,99697.8240124443,88978.4566798678,101709.304204498,81871.6008765819,90069.7144466422,98261.7559686005,109318.559720029,96426.9892258585,87783.0033742929,75945.6839153995,86429.7887732182,86036.4565588225,104132.63921639,90212.8490338085,95426.6630391865,96971.6038187448,102890.816622851,89454.3271731548,99686.735807437,86866.2098967828,93002.2422578967,81062.6619505087,90694.9606933762,99899.1536717429,83804.7397125006,103895.175802239,87557.2869827485,95728.4599745599
"errorsum",79492.595827603,93070.5688806179,91593.3486090462,97940.4626514031,95599.8038521686,79352.6794607656,94629.288807033,85421.3141411344,101224.632875128,81017.6075511805,88793.9089878125,106012.925467096,92012.010652559,92666.1993145894,74128.9145289923,79630.1197872419,86453.5296806799,72793.7978098948,102744.471820164,81323.2614229225,89861.5736132315,105490.70985744,92293.5415980204,84049.3368634704,104340.834985741,89899.6483594858,81609.6749416943,89010.6387199399,90037.3170662942,103054.675110118,93380.8562818642,94918.5478397152,97134.0444529687,99988.657527679,106602.063202408,82803.7015315099,100397.423544038,85907.5378404976,74072.0311758372,89164.3769339974,83134.294003568,89009.8462232482,74223.3355074404,91520.7497068953,88509.5688109282,88500.3910302179,76289.2047474872,87231.4189637698,85068.5882794894,86159.1522910467,92276.55412041,91510.5781126373,89895.1016102694,108227.779668326,84074.1592450712,88526.1860442845,98071.7144604976,104504.631748203,92580.8323679539,79321.0904494915,96186.102125262,95893.5963016671,79586.5051320507,83337.2882864079,101152.071971923,100508.340743337,102760.093239809,98745.269994356,89431.961790888,79653.4185395037,75349.6608822782,91517.3983443935,99696.235782536,97067.9956524885,86144.5887087572,101845.998748256,92006.2034963092,105222.176220788,86976.6629169594,92969.0520752367,93353.9334933191,104920.597813828,100155.10524994,88551.1176176294,85750.341627916,86123.7756808836,96558.8531802979,89152.5123649138,89687.6638568762,74964.3143874177,97007.666426214,97177.0817280991,81621.8004081812,88405.7213696134,90670.8085079359,93169.2960681035,97483.371097193,92615.4197759032,96895.1845292791,83450.4625787301
"errorsum",83841.9055707113,85509.1992742563,81793.1382644698,92737.340505861,83674.2695383894,95271.9349083249,87779.016946112,90060.3982906332,90156.514605014,92822.364117623,91683.4456710911,84064.2103062054,82016.5358836986,77148.2774392557,80422.9466420663,93359.498063943,98919.055801251,87571.1671047011,86728.7808615807,82458.5712881073,90994.5526887507,80582.6332713598,87190.6882708694,85360.1428581537,101470.988588512,86218.9503936207,89249.4661860311,106850.601532314,84134.735876618,98685.4713675761,79194.8016531579,83804.9388724958,84894.6393776771,89206.0125442094,99113.1547933361,76756.8733744209,90472.2048496151,78441.4643521038,91115.9075825364,70832.7697573761,88911.9725026074,94127.2384946982,88844.2234589441,83709.8813050832,88869.604181426,80526.3269467765,83867.2628576415,82863.6289780695,84192.8851871415,89915.9312611681,108457.376862559,87927.9076937986,104028.701334381,82951.862962422,90454.607822696,94483.3930551461,109022.245669303,92724.4762624739,88769.163221792,94758.3519581277,81762.3761112884,85144.5482114546,93813.0974790432,97261.8861684892,90858.2601792091,93947.7726064167,81135.6875110896,84991.646055652,100655.039904133,97893.665811341,81837.5918337096,92383.813577129,86258.8360996285,91558.2968316285,80522.8803179342,81888.7067862355,93666.8384635218,96185.5160031673,102251.802641181,88324.3364642118,85721.042012001,94645.8652458375,91095.687209957,83101.8542137985,86032.5949970396,89122.1017717837,70676.3879007308,95130.6211003171,91997.9443265659,86038.4471304052,96295.1381953035,106629.693859972,89182.480979977,102074.348408744,92565.1303187485,93649.8078343564,74279.8158441973,71257.9676961193,90124.3428290574,98168.9744585201
"errorsum",93301.3220009888,89532.5668310494,78647.8991935203,75008.8027237911,92366.2802998344,89652.0055228996,92790.6171809372,96696.1417788856,82863.844228894,86737.9482361625,91816.1383016078,95424.5822570623,93856.4310285338,91940.1977130035,90132.9259943311,106156.346464789,79703.7390354122,92869.5786104645,98984.3341446085,92195.3933750213,102578.01543284,85542.0879285641,90105.2771769399,92437.0407416412,94549.2181897843,88500.5370352655,102814.570072266,95379.3028664386,101143.466540281,94925.955245389,88425.4192057858,91168.3943967513,93210.0664906757,79746.9402476831,83337.1915972645,87555.7054154312,95179.5644911306,97297.7032934416,81532.2232171496,89949.1195376573,85849.6114732425,82920.1007877062,81769.9930171169,102531.515286008,83631.2722037033,94264.1598628666,89073.4817177743,86911.496351501,91689.1368759906,91583.4621254196,94887.5045793915,79186.004303099,104072.467413356,89194.2512784321,87355.9590834425,88200.9217783544,80445.0263093609,74907.2171649392,92739.0714761109,101740.396372236,84220.877302324,84833.2970391654,83122.5436025617,84456.8126924372,80315.6880188912,83690.6428860636,75039.3265666596,98924.5344324082,73749.2394425887,88005.8440110571,85249.665562386,83157.2619035607,98110.4055166721,82514.3885512141,83601.1642604172,95089.0174874499,96012.8432898511,82796.9943217418,90137.6040508532,104300.415910736,79941.7937919432,82221.2389875646,78583.7016507982,83733.3057852678,99642.8874738697,98810.182564419,67159.1412383538,86118.4112432309,91322.7014264441,73960.1563088574,97856.5124910934,87984.7256428227,88257.5327432817,93037.7463594952,97664.6202343517,81700.1949007812,80157.9833199644,97686.8258873516,91165.8191886752,105363.039000471
"errorsum",80152.7454375486,97378.9064363243,83709.0669264706,101795.118243605,70145.3676486419,82406.0192067167,96842.0599588181,105433.078966028,117783.692257949,98667.5345950886,83669.7773208291,84168.5164383151,104514.525061172,87817.969961581,89323.6771988367,83215.0214726009,92895.770358325,75600.170969129,96364.93991346,81043.0527502642,87369.9199149774,85743.2182779315,87948.6284274939,93514.4092469037,91631.3968621625,87479.4293196384,85829.250541001,69072.0255839881,87890.4575177686,78017.4451697704,78931.7246314038,82501.0360188967,91645.8303098885,109474.795832887,78910.8672005072,88201.8856807284,93436.3640989229,86180.046380645,77324.2946189584,92664.7608085281,81503.1446454534,80011.660896413,87864.6472116964,82702.3293422114,78237.0856331561,90273.2115162166,96457.1566272529,86420.4744812985,82330.9997509612,94767.8270858137,99910.4980337179,94741.29837295,94301.7296432324,92472.9012930307,91930.4147605022,99054.9304933112,89269.2737294119,100559.564795726,84909.6160377523,98102.8488152327,94546.1775030162,88712.0944907121,97846.3562280243,90242.8696079778,86889.7500776478,84530.2068976013,90877.5360511838,94724.0116722355,101974.872239479,73480.8570769012,94349.4872576096,103456.063561986,87834.1591220637,97283.7423856035,93605.1457341895,103163.437940528,96791.6023135531,78472.3747629681,78418.9743182486,92889.0569357588,86525.1497667592,91052.3886644772,83245.9532797799,94020.7262707942,86914.7904968287,90497.1919082799,87800.3807033448,87423.6265976446,95326.188331086,80896.9173074844,88361.603479677,106926.188272475,99060.6167307366,86884.932888778,89158.5362924842,91968.7082941619,86744.4659239786,95819.9923562539,88095.8816779056,98160.30869769
"errorsum",86002.2501401207,87494.0793282015,100618.689921067,84372.7814759601,91960.9633313637,84192.3592404033,88881.2635578684,88013.3403138213,99523.4021870143,104349.574023293,78039.3856371826,88611.7482243462,76659.6255342838,80992.8801565599,88328.1196189287,97677.9467465387,81566.3248649725,92842.6040588503,85968.1527044793,81565.4978223284,88118.969118957,83036.2845668589,101540.77930043,94008.6524047412,87396.2955355914,82050.7695370916,89072.4086300125,85454.6291350404,91097.2185236905,80562.8338323681,89850.7582101541,92808.357470568,85280.1397959615,89460.6829807563,83973.1933680926,77877.7510859238,85367.2259472561,91140.5399659678,101186.0661809,81095.8357775236,95077.2135133558,85016.4055841101,98326.03766393,75235.1157935196,75613.4045723043,86269.0396951088,98258.9753022461,89660.4454785307,77916.3207745195,84669.2249981474,107845.022384137,82196.7587600569,71375.0110590329,87618.154927771,94989.8059437036,90503.8519164328,91925.4060779009,98170.9875759317,84821.327818737,92747.6519239605,95653.3882542504,83991.5149604487,89839.2410709727,79308.107376798,82157.8723157917,101574.324048717,82311.0308216869,81062.9099768575,100896.925786463,93251.4965950384,95366.5967040571,92277.0377249165,85073.3199111838,90137.3879198186,80624.8788413973,83669.9697173456,96734.1145284807,94204.0424212926,90256.8506136564,85025.908520956,87220.3245781909,93902.0121308378,91655.985234578,86500.2593863807,95519.287333889,100331.503048107,95290.6750979615,84818.0176934114,95764.6615186441,89303.2542820941,83207.4780534331,93083.3248769845,107011.72693549,89304.5195271831,75297.8404600948,80627.929830132,81713.886589897,82227.7171795757,97760.4540450895,84460.1098737947
"errorsum",92411.3392360741,99803.4419187339,91547.4902797742,90151.8152634432,93905.0680760646,92891.7629213429,98887.2890118104,92760.124462032,93258.524204378,97555.0247419499,81808.1324728629,84948.3194976442,81552.874666633,88141.0737553357,89231.4898112773,90393.8239418054,89571.2850951109,95373.673613927,92720.2484433908,97614.3819575265,85162.859582196,95613.5622574916,110151.502007951,87879.500692282,94770.6128381139,99596.2623234694,95796.9736830141,85091.9140329002,74633.1476503347,84751.1390571484,89893.6707595401,91771.9652129632,72262.7435533333,76574.7233569285,92528.4814357767,92201.2380156992,102911.41500821,91932.911362455,87764.5171233019,101779.953791738,95459.6809126138,93704.1300638269,86619.2428272676,78620.0202205064,89688.8497327124,77174.1264817655,80616.1152647264,88290.5712317787,98302.6577124595,79149.583423223,89230.4004490345,93070.9538956198,86050.8824842082,90385.8067519114,92470.6764968597,88236.7316766697,91514.0006895332,78975.8480843254,88763.2159675951,81353.4866305474,90441.3151165419,85603.4205978825,93212.4640942476,98956.489073367,89223.3229182144,85991.4764401638,86291.7190283749,85186.574712248,96131.6475296991,94362.3509097358,80594.9192706057,81901.8758316827,82717.4490381988,87567.9757165784,95022.3383221545,90351.3438901028,90652.1228241363,77373.8953056896,69748.7377425619,97708.2485771046,88447.0994108925,92442.0331296248,88932.3733652728,93892.5964850372,85563.7973744456,84682.7712199304,96299.0476631169,97831.1073998903,73935.0161651325,91361.8652976322,96478.3871059697,95899.0541227143,80555.7199418824,80989.9707669439,82418.5301612111,108271.741504331,80185.660877044,90492.2899419033,91386.8962975839,90903.2186705274
"errorsum",89565.72729907,88102.088730979,86620.2490965478,81172.0878191894,77661.8946138353,81811.4138964662,74647.9725948674,78886.9390367802,81583.443423721,90968.198813734,63816.4661932022,87697.8150158754,80885.1004178813,94404.3643560576,99821.4589268621,85339.5066035707,91712.24197971,74044.8648399151,80855.3278186718,94153.2889467052,103404.682139614,73770.9612080243,98449.5349969688,84974.8869987467,91799.865391879,81909.0181991236,89326.71429483,87056.5695948479,93768.7656414641,87948.7603854973,91837.8460130093,107635.422387248,84615.816903979,97169.2459796749,90467.3555409701,84511.7556537074,90856.6207253832,98421.1862133829,87204.1654155615,88785.0133155178,87332.9660127929,95198.3902827626,82058.3385333082,85508.5963979919,76924.0793924634,95361.355741618,80109.4664175646,89271.7313020678,94427.5936318376,83093.3468394756,88410.0044190517,97750.0566797143,84847.4679242933,99968.3192775852,88238.9246205957,87842.9225271947,69167.7521553539,100229.636365593,92593.9087889394,90808.4692967968,88703.4185516268,88372.5921226902,75837.0023185262,90221.7684454016,96621.428507595,87138.1097811324,94764.0565982478,77865.0911548843,90582.7692561639,88955.8568248776,89948.1108802745,90776.8335432872,82064.3767410762,86650.4219406012,101033.929709307,86168.2022480925,87326.3567301116,111657.884888539,88375.4357341811,86903.5021688202,82500.2407986867,81791.4270389108,88205.5187906503,97532.9074335813,84802.3449757496,76302.6387321208,102703.071776627,101031.748900117,94969.3053880971,99652.6975371239,81369.6689260082,108849.919233865,88498.4850917219,94801.5884012523,91848.2340900661,84337.7601087779,89075.004006022,90920.4131302898,95508.4825800078,78362.879288969
"errorsum",80148.3445554586,95006.8560057419,89038.0609516981,100228.973340342,95788.3405631545,85826.9792203397,87601.3174783003,88534.3668730749,75447.0376630699,97049.493092167,93382.020608964,88642.701262602,86828.3139637491,74413.8146336194,100856.736508089,87430.3533974172,90743.7327995792,85928.7575391691,76160.560515153,95373.0371781092,93936.4225446576,79761.0963146983,95189.4765863212,90907.340785614,103365.127150783,87454.767057985,85866.3958521731,88596.7688103409,89882.0205413854,101269.596201548,87047.6555229067,97230.6733045638,82466.7605524592,85454.4645664534,89500.6978373364,105453.768832524,87304.1747619557,93412.2851422281,91016.9748106893,98084.5935200231,92101.7124669207,97496.1308580003,77284.5813077092,73389.5109861878,91628.7399978391,90984.2650385228,93581.719303992,101069.99120795,88340.4572365873,98566.631701799,95218.1639597024,89440.9304173927,81707.6936300259,88683.6076193601,102516.260246387,83882.0360893042,90720.8211628226,96165.7137148286,88833.7996248198,78486.9340782737,95274.5789504448,87890.8584235155,85577.0720923664,88734.719262079,90865.0995026978,85578.4609338759,99143.7224899462,74106.8254637462,91057.0499586593,80836.3491268657,86311.2285146927,80005.2959920007,90203.1828296138,93003.0122931102,90129.4074034283,90652.5407208502,83276.7105547538,75891.4283599803,96498.7244015853,96793.70484864,94667.5609632028,98225.6023382592,84361.1243559266,96779.3038006024,93213.4474558014,84373.8236909327,93989.8607328445,80443.6365861168,90387.7933067833,103707.150823203,99162.0754526925,88128.4184788928,78184.783492473,86024.0023772391,84450.3922565965,83633.334675376,93132.4993321277,83035.4451500276,92889.0506435513,83279.9682424999
"errorsum",82773.4835054743,101582.745906493,87798.8728435118,90795.2181123948,79852.4662255663,95054.6717141032,94036.5586516546,98413.5418085014,71345.8256645627,91663.0581485839,83114.12879984,88048.1700180479,80946.0768888493,77739.6933158425,82834.4724594824,96232.649976379,83752.4314065172,97756.5288972176,82670.9499416156,77577.9982709338,97047.9066752334,83759.200894472,86049.6900884995,90398.6986826229,86486.8026504374,86705.1777944752,76944.598788594,86760.5477985265,92483.9976763685,80864.6129105068,93539.7194410584,92540.3539938848,102777.75595725,92053.2734071074,102835.205760273,84258.2425764272,94755.2896507088,110915.877266662,98796.997432643,74610.1689969994,87731.3999650422,94841.4702469091,91839.9042126948,91907.3212419992,85520.1363950012,103752.970533366,88392.1216806962,91459.326476463,86516.1249381864,95586.7225895403,108281.283568856,94975.4412425425,99630.053090196,78391.0508003435,92404.186932874,81706.6363464504,85386.4173224289,83961.4103216217,72604.5464500327,95569.5106000644,89432.2337312619,72306.6312841924,108230.776558489,91100.3582353765,82065.6013769479,84657.698629089,84377.2088378503,96616.8225874752,92346.720580814,87755.9915113195,94251.1558288197,79074.7694045026,93960.315566286,96656.1684577101,91291.8550317703,104367.949581964,79965.8663989505,82360.6597248452,83492.6880075431,97843.1702454211,95538.4313609984,104973.125191962,95773.0769017758,85993.7520106317,95243.3187928282,84686.1538706802,88815.985854715,87704.8137966374,89202.1420164675,90750.1227948617,94160.1017779578,92142.193088316,91294.4422619898,81027.0313376537,94821.4808237526,87102.946946783,75225.9097574019,93570.4785378521,83923.0610821387,82273.5545403445
"errorsum",95471.3497627625,80123.0273148606,97632.1036235505,98395.2570109938,88294.6157879709,92519.4116888453,80246.8293190615,86092.410244165,91541.046041393,99789.576922258,80306.0674298061,92500.0677377579,95567.1533688316,110786.303931326,100807.683469552,85926.6373852632,95433.9833515371,81755.2002307836,77943.471689079,105175.558188544,90298.0588724945,82515.7980246745,89872.7076773032,81245.9644707803,93945.5314952162,92977.7852602235,93770.1643205484,93799.2747808752,88104.8550970147,87697.653249057,102172.228505797,93002.0749642057,83826.5847620702,89849.4414344487,93240.4388743082,75717.408790787,90093.4246554294,90738.8591286951,73420.0464386885,95978.3203802968,95534.078957676,94368.4834612016,83756.4038472814,84576.1866164135,77908.0879854056,83801.5639425337,86523.3360025425,90790.8254143821,91171.4843742209,75465.4197600873,81544.8957483473,85711.755805871,88803.7799240239,105282.483669744,99695.1969515615,89055.3530320563,87071.778263174,96968.4876985442,87992.3138556101,83706.5281825474,66534.3953885673,85233.040883137,91051.4113368371,93627.5515422455,84579.212523664,82704.5062482413,99742.4670690272,87654.1226173922,80537.125380891,97988.5946153812,95885.0625869489,87594.9198224897,89902.3147215877,82046.458967925,94775.9605089294,99249.9972322841,78293.4032730456,73883.5050734597,82329.2420076223,97459.6831413579,78536.3389372563,89541.0756542341,83479.8657972857,86387.1472793263,90573.6152819126,98200.9349357644,97065.715592585,88618.8480791959,88845.8495249138,93002.806276763,89743.6245194793,84309.7239200263,105707.036028914,85754.4862800937,93730.2218861394,86612.2926618316,94975.5928939463,78644.7451641588,94088.3215360283,80958.0127900206
"errorsum",90841.1981905571,91819.8125485521,103342.542288155,92522.2284258355,83947.6925869103,85081.0154324784,83607.1317524453,89539.0836428496,92487.6104373798,68134.8037978538,88934.8283511698,82411.1165350369,74745.8438240067,112267.270077929,89797.4817518431,91360.7740543326,97590.3613238188,83859.8499008981,87378.6979591282,102170.537430892,90952.0984684258,88238.173100994,90276.0114595971,87058.2389587317,98151.7731169832,89646.4981848799,83480.4148977992,79672.7437001267,86793.9403339959,103987.31449898,95726.9258176445,81554.6520808092,88186.435866597,82665.6188413806,94790.9627581739,86546.7731843062,92333.2551520006,84764.6504018167,97528.4504342025,77402.4171603424,85090.574358774,82688.7532870302,71974.0658864534,94523.6950905419,87709.5321287096,93868.367023656,94218.7315005147,78197.8227158227,88412.4160326507,83461.5092475453,79136.3082607901,96155.1733214391,102205.189273411,88704.1604224154,88017.0243390196,78397.2995108083,92114.364483185,82365.5923027151,84579.93694684,93297.7085788034,80822.862721129,88272.9509304368,95543.2180603545,96184.929916158,86295.7669018308,89751.1324895549,78009.8141461287,87407.4581461954,88107.0362503376,76653.0298567585,84171.5365019161,94224.0007866549,86687.9139813604,75224.607501273,84796.2828005068,92647.7441560759,90393.4205826201,98589.4567996545,92874.1747846767,79880.3137278036,81391.6962199476,101663.245226129,94275.7755615737,83940.2692257919,92029.1029389856,79805.7049086312,87987.9815131601,75874.0375909635,86059.6954793451,98053.1038303135,92568.7029271504,92932.1424532357,84027.0450792335,91036.9605941042,81419.4818795556,78582.0361526938,68250.3401669984,85338.7749082586,73607.1292661526,86543.901379915
"errorsum",89009.3088791818,90835.8067846228,109136.506422871,94672.625670016,85268.0655752111,89396.4592546133,95696.3567733312,82776.9706434148,98939.8854380223,93061.550208254,97258.9515725073,88211.6505703715,83217.6440047462,94608.6118127471,100345.215797592,81618.3127860814,88591.922742081,80970.7308065336,86291.3607537576,85988.4031816784,96142.9333045049,87716.0752857683,94595.4169966048,88877.0788681263,89424.4760213828,80468.5251384694,73763.391442032,81558.5607159626,85116.6531120277,100135.185957787,94520.3478837892,81803.2137576344,91739.6864202201,84926.0125568333,102322.308698872,89967.6933930567,96731.4703805423,90354.4475109887,85472.211976074,83880.8743753602,90279.9310613731,75856.4704805139,93610.2329108254,104358.749367389,80698.729202826,86452.8876553374,85321.6904732652,94790.2798821667,96322.0973665686,89174.1761321777,103466.877771839,82057.3212251178,106101.057036612,93122.6879161088,86975.1017025535,96604.058668701,84048.0310802166,110274.830703745,79976.5041715168,91239.8147662262,95526.92343846,106486.936488086,99175.9874349838,82508.9962165455,89017.8567447199,88785.7601317938,95556.906918537,82102.4546617803,82401.6959192141,79216.8135551717,95856.9671197406,72221.309017078,87145.7561459096,91878.3497336792,83514.3930851831,91840.9407584926,93294.955594446,95750.6078386792,89774.6075168292,78477.5674781029,88370.1396453276,91322.3410396831,94964.7932428686,81867.3919718544,86426.1468080644,103537.236017279,91374.7806040162,92162.5246495859,77351.426731091,83314.5213794496,80656.0794771695,91277.3559025263,88020.2187176835,89385.2061943752,81194.3140333422,91008.7040708394,90564.7073491142,83176.5053386788,87454.9649066088,94272.7048734186
"errorsum",91994.2242897932,82389.1533758848,83173.1240139509,88413.3572579152,93372.2997898832,86866.0477112992,89017.6010553355,88621.3942311352,94170.6936724078,105877.271874636,109767.115685901,85373.25381712,109613.447016007,86807.3197184437,87922.7158432579,77478.4855620173,97750.9018225401,91990.4501330601,93370.4453257496,80337.0193313914,95608.2591075316,93754.9490790649,93937.3611350268,85823.4249016984,86924.1909610818,75346.350388922,85858.0624750487,82620.3277391373,92136.4761317331,84102.9277462399,98172.501662412,85311.0181217096,92240.9251117768,95681.4823722579,66605.34899796,88640.6583573549,84134.0413645918,92683.1787560316,92734.4725129697,83057.4755751721,96129.1637566287,91328.4343807291,87328.2000089367,108875.943065182,101715.881524989,104994.538484964,92454.2959052294,74693.1366965356,83526.0753951801,95534.9381250907,94360.0263467637,96634.6294343536,96781.3193546706,87506.6440682347,95955.9957443771,87935.2058014114,92709.6570507875,95696.2175713723,92193.132852321,76911.033267069,77313.8177448206,102412.845916412,82472.5537971701,91528.2470768327,93485.8929436268,95224.8238270819,92360.9375617407,86612.8448152434,95021.6773768857,84790.10696182,85463.6937395053,79871.8214339369,85951.1128737077,82507.5442487814,93005.083205588,80301.6222993523,78823.1595677479,85585.4047147442,75884.8575784673,108229.251481228,91572.6179673371,103650.415498042,79798.0771897796,92327.7941806911,92933.3254823439,82833.4738631996,88236.9305991103,100980.385601757,94776.6380147298,96645.3459831617,82135.0026225386,89413.7962759018,80071.9318865973,91049.8505780295,86462.4485412858,94568.6896134384,84524.8907597021,77713.4122818394,90135.1822895885,90140.0950177683
"errorsum",85445.1698236866,81099.9720829153,100159.679550093,89352.6247894463,95608.3812419467,72661.865245259,85979.6034593284,93112.1641702465,82447.9562045764,73558.8978468984,102910.542760827,89060.0312592281,89985.7909983993,72311.6413526157,76659.6897863638,92543.6555551153,96592.5756656231,96669.7574822261,85439.4489345425,86120.2349326741,88985.8011986792,82873.3023946035,73817.5437125523,108029.182610184,87220.7364905071,84944.6984004215,80971.6452663663,87121.7513263079,95021.3886265708,81155.0347129665,87369.4631848602,91859.7517335416,97467.7871680962,94131.9533552155,100402.064960548,97869.1431244328,84255.6604005451,89041.9986444775,93010.9818565221,92765.3151587273,102751.782432411,87689.4850162344,99288.2088263146,96645.7022226676,86610.1264033821,94302.2576719133,80494.8982251002,71308.620253426,77447.1935300291,87130.1746898619,83251.9025534303,91610.3956577346,92146.2172869198,93823.7215358307,84950.0522000507,79054.982406542,87676.4816301076,88904.3957918284,98499.803996304,83875.1393985948,92782.8863976753,85176.4678475508,88316.1409524161,89230.7140106762,104945.977084448,78904.5521656323,79412.3347325333,104136.794947479,104227.945760628,84881.5971322854,92513.9859165005,94520.7955921214,88935.7600412503,92670.2916540134,87989.9846257547,100005.4277089,87039.0809654664,84177.4618936818,82826.3312992577,94502.1638350106,89402.0378540729,74508.9971407778,81535.9296511194,78458.5642977396,82893.1533339212,91794.0820393665,93692.367821509,88131.4262642329,85184.6323174237,79574.6902533779,84158.3150222891,94600.5324876958,78937.4546027177,86626.9900840878,91398.6340577663,93698.0792548316,91556.7172601327,85035.6201897165,87759.3388602377,90155.7312306922
"errorsum",89340.4765097974,94109.5609031251,93497.591888044,98802.9706921551,93196.983073872,93525.9477303694,93980.6283622576,99958.7666484998,86471.8808341511,103700.218412646,79811.7073885613,86650.2652474154,96125.4030782991,103117.295235102,116308.060442942,88007.4346947093,86181.4391751559,95249.6730497499,76067.9600848638,80331.3878641554,77006.9941592109,94511.4004123635,90135.903358881,93837.9026167616,79779.1498072885,87128.2811920473,89772.9875488627,81436.3759297882,85873.1286908115,98456.8778806812,91226.8780345488,99161.1157564262,95738.1913078102,79391.8409464849,106725.072355441,107104.425371394,102141.380473445,89679.9976874779,89808.4163128326,78456.0818646998,85853.3913279322,106378.122339766,89023.8348855575,73565.4531125877,92636.7080266123,93384.3203514812,80852.6003931246,98244.8263315359,96393.32693371,94069.4060586537,84102.7742535604,94711.2482399481,85135.5063582967,92274.7080066571,83190.6252573463,97509.4210391369,84014.9242612803,89668.9522981626,80824.3202744455,80610.1314542166,84891.8610611605,87594.6329773774,78445.1193657902,78888.1881263108,101492.471182081,88767.4693713038,100742.428929792,84455.6540944492,90185.8248894401,106511.716342488,93865.0001899979,104991.420401258,97375.8456725105,95796.770758305,87652.003467194,98214.2919514773,80350.6006309374,93664.9772475832,84533.0204261353,87158.1600105907,106439.947865233,81568.1105516456,80603.6482449461,87753.6886578135,105697.531864458,86234.3496890443,93579.617210016,89806.7217691428,89646.0314072366,85209.4703566221,85980.5318882422,92342.7651358325,79525.7932382581,98986.428896352,91393.254743615,105304.503411917,98652.6433640521,97945.7166080711,107194.820998643,91957.7907329671
"errorsum",90317.0937503041,96519.8427802052,85967.5048968297,78715.3864874139,90415.3441803281,81281.7788010131,97258.6599037477,91141.0522538145,93375.985498284,105472.439132656,76694.3194118929,86396.8229130748,84916.5837271462,94207.7112840675,91080.2169878345,86776.7863582006,84066.1399690074,81251.4830693046,80559.9138243312,74260.5945273366,97026.7933507367,83945.5980939353,86589.7272772021,81771.6322099947,77058.0724549171,94684.2204148847,85394.3609161285,80044.5856185272,72049.3767285333,100736.292319395,90493.6781710844,86901.9990970869,100306.201272471,92650.2464519679,93130.7013920374,83748.2398640645,94704.2393646844,82885.1806176232,85872.1793641763,91971.0532388531,98793.8360892816,86471.4139182991,88187.1306655039,85570.8768760497,92822.5670393104,91723.5828934122,94975.8784153157,77133.2961673368,77218.9401722148,91190.4462955271,92081.5206314829,80015.1697460802,86334.4314644057,84347.1567083089,88028.7214660683,92292.0047368461,90455.6154579695,83950.4239959176,88422.2154274051,80352.5931598706,88972.1377205356,86569.9645621585,91859.597354385,94481.6308516041,102090.968454357,88122.5061966186,93253.3242558342,92295.9588342707,89986.6582860132,91107.7853922492,82975.0174186433,98630.2766519344,81817.4750886225,95559.1373320719,89415.9263036545,86108.0125708096,108023.707149834,108926.523288258,86834.5569873469,97287.0301037075,85860.1460808766,114342.054743248,88785.0922422629,82585.2013072815,77596.9329467317,94553.3234633202,92138.9648106338,83980.8715847481,83994.997579533,87940.0115532974,96072.8052646439,86075.9982156202,81393.3428113576,97057.583174995,84238.2501301365,67848.2666781487,100575.133364234,91084.9467217197,89093.0263641625,85124.6466051843
"errorsum",85182.4862732804,100349.185468214,99345.45345487,83432.9062465224,84427.3511211907,94596.2599716732,75733.7431273019,84258.8257226415,95615.6062827648,83781.6525796756,73405.3465472322,100787.687175596,97251.12034445,100017.694024201,93499.1617133676,87625.9388273582,83718.3487872744,98922.3716409966,91532.6218832511,107190.032915804,93361.2944715363,98571.8654264894,85443.4560887454,94999.548935422,107273.613096893,90846.619221885,98753.7201167245,88062.5586389266,79687.5958967516,80033.4928306926,72588.1142282336,92496.537121155,91268.6186143689,76047.8873162622,87372.61439334,94170.1108787526,79600.0962306016,86546.707430639,72076.4802817529,101829.147184369,82789.2633657758,77432.7030057799,90068.317240068,92939.6897799468,90676.0303493865,111022.305160027,82703.3418432181,83752.2772752637,109077.947569321,84939.8177947454,86584.3319193079,110264.862159513,89062.0576293085,89250.9545327686,79783.3617857535,82005.402273869,90014.1033826858,93086.1799611163,78008.0084855388,88467.9347357144,88116.4316350505,86239.291517872,87965.937567951,95146.8401970135,88815.5687015364,95653.897324534,94309.7035530807,87077.2294446929,96005.8859946636,99486.9396029919,81430.3438170808,82207.8361483838,81078.0519214613,95977.5214451435,109836.938755248,98647.4245051218,79725.7800580333,96130.6402689393,88157.6258415583,99884.1427134613,98690.3153353319,80072.0784924039,90987.450898478,80499.6344976215,84133.1470508785,90757.3265294116,98417.5411303659,95162.8299817688,95814.8781806916,85197.3162219492,82224.4523910072,87249.7767336064,85018.6153429225,90328.1465597667,79800.0349010503,95228.3344114895,73553.5183095316,105348.592848588,85155.1459437857,82254.9152886436
"errorsum",90918.5015949719,86790.7354131553,96321.4153982807,86868.1648703506,98083.2038909134,89175.4349702186,73962.2454149941,85772.2983986169,97613.5660231488,97779.1114327763,84049.2769370633,75161.4298872712,77964.4672758497,89486.3118790582,93295.7291478704,89001.171880627,84910.8310887937,90313.2738663159,89761.354613313,91541.9696869545,74025.6289781561,96551.8574977254,93637.1809277657,87483.2038099893,84690.5515316797,89729.3692745613,95373.8402899378,85208.7472676014,101590.820730825,85395.5278742156,93829.8148615689,108262.870592325,89489.7638831197,101340.945907589,95001.5642949044,86066.6484581514,84353.8921047014,74370.8542222667,97092.5318067903,96098.1235709436,81032.3930462192,95012.4566659698,100227.843145143,84003.5633812825,76281.9719798287,80369.8653141969,83120.1363597149,91487.5165402329,81533.6102342887,98826.9106504996,89682.3410644116,92985.9976219681,89037.2037277064,83503.2560463897,76858.3778341293,89480.9400646433,81078.8933901423,71167.696802205,84097.0219680233,91173.2978052122,95241.5544314104,98212.1229749212,79225.2880883003,82933.4977342135,91827.7142528796,90753.9869103482,98075.0344781718,78110.0873997079,92697.7500964113,84340.9225062775,79263.0793885285,76598.7109714564,102002.389362666,84717.4338798568,83093.0682998952,91014.6348844675,92466.6620247216,95452.0099961899,92552.4474870873,85152.0049686363,99496.8126067219,85974.0394976643,77592.6557374161,86555.6133695329,93314.6868236659,88700.0580721666,86662.0649968453,85567.1354352865,84684.8292473153,82129.2031515858,89804.2668350138,89436.015574455,89132.6666893355,98038.198400674,89218.7883300147,93646.0718035014,86402.7959835656,88034.6064192956,94685.5942795121,90464.9877138587
"errorsum",95472.6248838067,79386.9532885878,73846.3133649247,85776.9361442854,81442.9756268974,83742.0519358433,76737.5352823107,79901.6318783525,79544.9456756233,105659.456696588,91254.7774163142,99920.7697469766,92059.6875850114,92939.0259521412,90847.3083214713,94994.6465545136,78415.4558527734,85231.2475274212,96943.7358828743,87941.5069015925,93407.7876619024,89210.2773343895,89844.9773893499,74533.9953398512,96970.0755509881,90914.8932060173,92693.816566896,79789.0186992998,96020.4516052981,90991.6306735726,91051.3428295695,87090.4838510712,90679.4764183196,80473.9469312835,78977.4757415804,83544.6290996079,89423.1701679328,96829.0251208684,91935.3639529874,97349.7797113801,98460.3765924768,92882.7096628319,90045.7415585791,95384.9140315876,91894.9780188526,88609.8662493172,95679.798783359,94923.6347196923,89363.1667816663,80357.4298323397,78939.9453581337,84477.2238562607,87921.2033516775,84608.5428614577,84707.7130156565,89099.3645892668,83472.0032728687,93483.8342968149,94332.9916619232,78002.4899211013,85576.0729346247,82013.8510998561,101212.969452743,81249.8028855601,83515.6196401989,93768.379068927,88991.7869931348,87394.8665537446,101111.047479477,82964.5274802261,99850.9008773744,91371.1204933679,70380.5103583927,89943.4519162164,95277.1767271095,84761.806872505,103254.070893799,76336.4694145043,94413.8631513931,91836.9044789304,74348.1659964184,99372.0780295745,90858.0324933059,103296.537847271,109034.761983887,85675.4133741577,90704.431145201,94587.5391404718,100420.433741512,99048.3903491516,93200.4669949841,75143.1854389555,80787.7410638359,87588.6745998791,85320.1151032589,99724.4427726669,99467.3321624821,87083.387979515,90979.7765192209,95344.0218321076
"errorsum",84484.4795051978,91776.2496041226,103949.82539447,88981.9533143765,87177.2744714566,87517.8695659657,88000.6269098514,83692.3538128596,94989.8635076661,88464.7430765931,70222.1016842722,91282.2029882498,99468.0947732325,84093.014649546,88089.9381099445,77524.7365670976,86432.0542037665,101255.698427639,84042.9140006387,80363.5880637455,95640.5016599621,86356.1085657597,98923.6086959583,86297.2492507919,87323.0889271827,96689.9450808256,95549.4583745744,90590.2580923901,105899.293516373,91345.4617746244,85043.7530451631,89728.2245235327,87797.5255288219,81918.0515384475,84471.3867449071,89577.7326511109,88771.924097839,105531.788937938,102050.975184816,88542.6783764924,83354.6703254645,93566.055906774,84899.0518585557,82485.3825933642,82271.6774139241,90126.062530369,94454.6514343224,92193.8771839039,96669.3371102724,77721.593993976,90681.5118317011,95005.0748316398,88312.7371323953,100240.83779841,91655.8372417883,90145.5823742912,93506.0740027946,76279.4539931997,71201.8291470049,90648.6630822797,89879.0502454391,99452.370948847,79587.0878232781,99827.3484411925,92028.9395785704,102301.563338686,85119.5022873269,79527.7541744899,101284.730852488,91258.5176082602,81442.1797216584,98105.4786308199,86566.3003131918,81643.6935068653,94340.9033328592,68375.4507072698,94235.6507660285,87725.3643803095,76736.5145346698,86433.4104130849,92258.9078307636,108408.684920178,82460.5213559836,102919.840593247,87082.1273944876,86172.4337552934,91525.4602524763,78196.0966077147,93735.8527699898,86705.8087564157,83788.7460804757,79677.8481084138,100572.164482127,91577.8099306298,86157.9156841343,86438.379534724,83575.4470522438,100329.935707093,80465.7556136547,97602.7604545337
"errorsum",87270.480502382,81409.4869921191,87664.2513919503,93925.4679897357,78207.1870000588,91414.6508914893,85424.9177502611,93434.960531985,75528.8892184135,92953.9988807211,98967.3570912771,102274.099638329,94825.9979272047,88494.028088343,93015.0076274745,79199.8531969577,100960.27573081,94292.2796306024,82457.5319621754,87761.9892575252,95551.3219435013,76812.9422319443,96205.5063431274,84153.2658382721,76278.5369233861,88969.299727627,79976.0682913754,87541.0645338316,85060.3708908517,89714.4221777161,78369.1637290687,76533.9675087855,94996.4557058889,81279.7000495133,81159.4098767813,90402.5451938935,80793.8435119003,85792.3847771603,104802.296865299,84944.3415547965,87699.1881964646,109662.405725445,96247.6319593766,84769.275962984,102139.241795562,77328.7039419962,104518.306987417,94814.5311917616,68353.2286365997,79367.1253315057,89108.9459820639,85152.0381529329,89392.0713922086,85809.1872718185,95156.3970782525,102575.906245163,79259.7081160386,92817.6978079968,89135.8857448292,96996.1403969909,73849.6659896854,71805.685846495,93847.9746618605,100134.585856093,99361.6807838683,76560.7422522889,89643.7349828298,94678.6631690042,91344.7288980482,93199.5386017615,93943.9759382486,88844.8281338775,97530.7651409966,98612.8168916025,77803.1768629017,86619.6518100158,84019.3538163762,83020.753507944,90374.1129553991,106900.792514366,79403.6374649616,77920.4654135428,93948.2118287136,87982.6319687957,87091.3369923855,93933.2250588258,89565.0145618585,92968.5032502391,78392.0967737823,80592.9327832841,101741.836972647,95104.4121260539,80389.6012559366,75918.9476687755,99689.5945643965,100269.39132581,93744.3507317399,82995.5779166403,87416.8122626149,81780.0340440456
"errorsum",78375.1724160758,78784.1254404929,108702.940178618,96349.7104413736,101447.48006364,100496.21524541,98497.7300010678,97866.241282856,90118.5293210267,77800.0281259628,84288.3321696999,79307.4249032477,92208.1374273165,86755.833711523,97605.7393634262,99425.9185629205,98035.6105701038,84422.5007360598,94729.3177375439,88657.077957483,94408.4130546232,88343.2018310285,91019.4392213936,91078.248648877,84931.9249438645,105773.07497105,96874.1059679956,91821.3912578236,87113.1563315409,80545.4861586412,86259.8527004098,95466.0536028762,96580.6796564586,78467.9085010739,79953.7984635041,81445.9729134075,108880.344494323,95701.5746879416,85980.3943666146,99709.4548308062,83947.3990095994,76758.4324198018,93563.0826764699,91867.2324923575,86063.6620892942,85186.5296788595,91920.4155724959,83325.5775017622,91004.2910291463,88426.0409933135,83783.2673627125,95256.1706491833,99490.8948988865,88426.3105320374,82085.8654123896,79292.8250414632,83427.5756798685,93266.6886715573,91531.6918123152,96488.7565966344,82225.1330161197,89160.1702012036,81230.9653074158,103873.481588911,86448.4179514456,90849.3312655416,94909.2429801039,92359.7797339528,82961.7314299847,90276.4600933534,103143.21014177,92166.0781040566,88717.7121677444,93072.2394149335,91361.1297484619,85732.8934486761,81300.2242499853,85926.9050510961,88883.501472157,85261.2988239453,105517.500852566,83494.4069014284,96527.5045508003,79651.0710455842,106298.708707769,91528.5586653406,82079.8212369981,95823.686540176,73841.3296237622,89474.287085252,87805.3194559529,87634.8512086289,79397.3981362593,101520.49665916,96012.4541394214,85993.6601203659,89512.6704959924,93052.6319471432,83748.1871427674,86934.7260136532
"errorsum",97307.5174465906,83513.5841842943,92439.1007514091,93186.6557943469,80962.9450352834,80769.4243254945,93484.9406912672,95824.9889138936,103802.713973165,88724.8174893861,100054.905702334,79091.1807195808,99630.1580571044,92665.234829466,75822.7212077649,84586.8067318077,84966.4495452865,94164.9570404717,89628.3764576807,85513.8109008573,109616.664485689,86861.9435290854,83998.3699081976,91761.3629230852,93144.1251512584,85867.9412178297,89240.5458504385,107605.500050839,86781.6283927877,80500.9008879114,81741.395069213,91894.0967992604,102733.657963027,89731.4045049915,99273.2309685758,85355.1057360558,89096.2347830422,93177.0820874516,94990.4786540448,97029.4916892977,81032.6313275042,87612.4059970695,102520.153972466,93171.7256426865,96418.7946607853,83430.0809347555,96969.8866449794,89977.5740458728,79111.9246609382,100647.487974338,89391.0047693368,80584.8433471439,82864.2346568832,83512.7891735522,85797.38106599,90363.9294405879,92315.0620185754,97849.9499136675,92070.0506960998,81961.6529269298,91086.6979151291,94015.6820747209,93021.6035323789,87860.0346448253,85242.1824268641,103138.119349697,101228.450172434,79929.1767716471,89027.7670074233,83907.6151362592,95207.7495782747,84027.8233036555,84873.9944910994,94551.7912043989,86120.8563163584,103164.617797461,90107.698857782,79838.4759910043,115989.916415747,95659.120190042,83170.7580417393,93663.7822085635,100828.676975354,89005.0586209534,92151.5387532589,80377.6624118055,83812.6908415793,97748.9097211167,93451.8966589118,94014.527260877,92025.0135675996,89476.0084043086,87683.0229797269,85930.1576243928,73594.2602743076,80803.4000321938,81382.8254065659,99847.2952423615,90959.2087239669,85216.9692447141
"errorsum",96429.600547799,91195.5025478042,76805.8316016628,78701.2290657998,79896.9553827455,89509.558032161,92378.7956307911,87527.0394771837,85066.83028942,91654.2809858143,84195.7615071271,76275.5759198762,86593.1950878194,82893.700545308,78417.7643657702,82759.9109305114,88955.238190745,106245.515801891,79636.3748320515,90990.9392177597,90204.8611227489,90654.7672707575,99854.399654318,70277.982263045,82080.9766426036,88468.3359205317,81370.4971022453,82576.0201300809,82841.1657203098,96604.8797981707,77037.5410939895,103119.053359068,95197.933092899,86669.5457430527,93024.3009449814,86656.7270816893,91156.4661311898,104624.395451917,89726.8413299514,103820.407568415,92303.103900863,97969.9392690628,95782.5152894294,94911.8652154403,85721.5344424707,89623.590442052,94734.8481188426,89310.9014660475,92185.8882459491,89765.4747328036,94344.9284349586,117609.973788662,83673.6577572546,78916.0830788741,89664.3091713696,91345.7617590859,93592.7475146703,92872.5961850554,85605.2938790574,80565.5595991221,87392.6153155825,92153.7836605405,91381.2371122043,84959.0244572732,97142.9085224872,94091.3554094172,84858.156500914,93910.2582978728,92930.6738799878,80764.1097754044,81916.8034756446,83115.2924653441,78293.1157695093,79974.558990933,85015.8462645684,91056.2507463597,66200.0245822799,84551.1442130924,86892.2354850355,87113.130888786,80424.3009761154,90972.3400521837,94613.1056656345,96774.5834414573,94094.4803591209,93793.3856883707,95871.6653781716,76387.673921455,86423.901318117,84984.1723409555,115737.536966392,97495.500559347,86701.8900201288,98228.5430889253,83916.45228952,82183.0765938556,98620.8102277484,92129.4128681271,90755.7273000204,105763.412859045
"errorsum",87912.0784295827,73735.2762868689,84058.1157124194,83621.7460031638,90364.3072361148,105229.504923545,87965.0876211214,90584.3397789056,92661.3806014258,87575.9500852991,74910.0725465866,88058.0205864046,81416.270663278,93353.0933154609,93014.7144564719,90847.3592175367,91525.8491568111,82482.2517445753,80476.5891772174,88254.6926702223,81186.1503421579,84688.1351617589,98908.9102502172,92533.5291922289,98077.180407171,95821.1661735695,91152.7230793393,85919.5388393809,84677.8592155226,79228.9411462201,86319.062839661,93651.3591780608,91754.0204180518,79357.567914706,86536.2194151689,101616.108475444,95165.1572112336,84892.5986117314,93474.1998759963,90908.9804221659,100254.223698448,103952.12215032,103065.015036001,87858.6158689822,97025.1429697093,78579.8059993696,94761.7689641887,104676.871225295,79315.4738093831,99100.2283171917,100679.933032986,86057.3338586278,94840.591522261,85662.3100091315,94584.7702129874,95556.6265606428,88001.5407101957,82102.0153020664,102231.894003057,92864.2474535086,82239.2452785452,76757.0037651644,116767.555668734,91989.2458447621,87423.9897434354,83851.8679455279,93259.8621172308,96528.2383770291,82000.1044146482,95655.7068451248,98616.3849646002,79183.0683662125,84558.2272597083,82020.2064050034,86306.3219273573,83677.4306191473,86358.5387293768,94307.2714142089,96873.7841087699,83361.7914055362,85373.2656681191,83565.5585236378,94908.2818452296,94561.2322832148,80840.7847767493,86672.8433127398,96258.0292520031,88169.6022222275,105315.389557457,83242.9554022607,89652.1377053409,87357.9014400832,86028.3940525035,86696.4653247852,83444.7408326172,87578.6943756496,79677.6565098315,87275.7712072648,89256.4793561958,85707.6128782933
"errorsum",96276.4948089154,94068.20975264,88175.7755503154,109117.40162023,79595.2478022528,89975.0660898746,87824.0328564638,80522.4542300686,95508.3429413752,84278.5976947191,97793.7369425138,89821.7515201128,78211.3386598615,80774.5854816809,80012.812244282,86160.5327754151,90728.2334316322,96214.3389810038,74184.7464196488,73820.099111172,80104.2386565298,79607.0683228516,94850.2842739428,77145.5004257072,90379.1131635965,85569.0722264167,83685.5702107859,89358.557863971,83428.9007489223,87109.9140781269,72570.9230421736,96336.1195541781,75374.6557288612,85897.8158251963,82554.6309018467,79529.2677375019,83789.0437619655,86166.8072145024,92160.3256303977,84812.2006157706,91060.2876828704,80350.5492077597,88017.7264088923,99968.0437174613,93731.0165391227,82093.67882039,92481.0148830614,89072.2584226797,80362.288753835,91600.1801963208,80854.8555868458,86156.0220554364,98889.3379873383,85117.3963046074,89785.5478062468,103261.571760267,91038.4104438931,83301.3704961504,87952.9222389918,92515.315344943,108118.713615593,83250.2693846008,86246.0831480011,82378.5783384605,83274.5124539345,98831.9030542421,91352.4337722261,85885.2438984719,89466.3510772328,87188.9872497183,89070.168332689,93602.977948139,88250.554486694,93782.9519634658,91065.4634686353,106752.829454566,86137.6749901529,92053.5712525866,86313.7147326473,85457.6473743997,84752.735502238,95180.1726731829,94368.2699588955,87436.8361290592,89330.557214585,87188.5600528149,92791.9729117603,87114.6156294525,83282.3959949966,95226.5213768099,95795.7053113527,80315.5837933256,88401.4510218904,86754.4438713405,101073.404534623,71508.7750330733,93561.2274493533,85346.6094119474,93038.0895439061,85449.6347132596
"errorsum",90084.6073098352,89307.5928206497,93580.0684765854,92681.0295962145,80224.4585851337,93087.0737655888,88602.4766846862,81309.8386918436,98863.1517742235,81961.7884593787,83072.6177653648,90159.2987427844,82120.9867836433,98155.4389824744,86125.5388948607,92294.6935582342,92696.0457356261,90207.7605158304,85530.9750641304,92345.8122894199,99353.4946923056,88524.1589014661,83591.0471137199,90378.8998903637,97405.3133953279,88828.3960999588,81542.2045615144,88017.2463108637,91640.6773794056,91377.1777255393,95043.0773217785,92859.8714440629,87065.629124518,87520.9553508608,84512.7804699046,90845.3592567963,87855.3566497468,92064.0999085117,84395.4279317643,87387.0881244799,80987.6578237175,93489.4004956239,92999.591663539,90938.3170123061,80031.0588250377,97118.2439259795,88302.4466528666,94230.3960652697,90010.7212427482,98845.3381118253,80851.9799680006,73054.3617633568,99368.1752387524,91437.9077566778,86138.1378396601,86287.8489078851,97055.352688085,105311.693503233,91032.9820390312,90584.9489286271,84581.9997971812,89346.3366706279,97607.9823907658,92111.7948124749,77149.1614124065,96343.2786240294,82212.3205147601,84891.7582180911,84237.6593706989,87493.5373979236,84616.6357617481,76428.5814006568,89044.5392293888,88716.0826991088,89452.4849704056,84659.151233948,97031.9009681288,101358.518456905,85695.2426148917,90291.5447133562,89363.3529428062,88733.8694999773,91728.8521639071,96824.7831303917,83447.9400452319,88827.0795344325,75619.9349219599,80774.7552569437,92527.7037229096,86839.1258553396,86080.4072526837,85846.2265048256,82565.7474054079,87449.0204017777,94935.5676472935,91488.770618014,93975.256901161,89388.6443573969,79896.3797891564,91216.8553267058
"errorsum",85788.5802204923,86256.9688097755,73321.405829469,83670.7705560505,77048.8300858213,82244.5923026129,87409.2987943034,85194.6604118839,85854.0432387155,94332.481453379,101633.2945195,94295.5741088593,86596.1302269783,95827.3385793524,95402.6992603977,78132.2697165647,80962.562205937,87300.6061006067,90723.7331909044,99102.2599793259,92029.91014076,86542.0911716009,93012.0719412005,111826.243484492,87948.581538646,96278.4895501204,94221.6035164405,84944.7153658153,92158.2232696577,101841.86717548,91938.9177559864,91005.2116362797,102877.9885351,96532.7222802896,85283.9172338872,97068.698865772,89959.2652773986,90328.6546875662,88012.266485064,79750.8162965324,101152.247936282,84820.6528279161,82413.9083804952,82806.1689191711,84206.928642984,83891.3854543105,79436.6684367802,86924.9028922404,105867.097181244,87097.962688006,90136.9290160815,99606.0547204356,92669.1457729483,98557.9113200259,81320.2409507389,107448.663392951,74740.166026932,91660.4901195799,105289.116410852,96344.0886086696,92020.6527545309,92535.0372911618,105817.693991141,93630.8710937519,103994.986569822,100942.190929532,84586.2043046558,91410.0315895375,74128.3921420559,79309.1806323769,85644.4266878277,91444.6904683389,99227.4561456272,92229.3794133324,97985.6817422544,101714.337082444,94585.4031936037,82602.0781422536,86870.1693247579,80460.9587266281,77430.7489909018,85961.9430057507,78802.0741283252,81443.2285273856,100322.606849579,83555.5700602728,106921.968371732,86129.3662297094,87666.8536133632,110222.246129001,85802.4453396372,95685.9622310189,80948.4045509284,86878.9966821519,89735.421578177,85551.0030014271,95278.0953682283,89528.3575742023,90747.2987749976,99333.2999943637
"errorsum",93509.4793391687,89405.565100741,102078.680401361,93511.7438834885,100345.231848274,89810.8608603309,82401.4859137075,94743.4882269943,84694.2039049648,91191.1875145132,78425.6862751956,84694.8791980108,88360.2707379136,77538.3039825091,85919.8957843221,75103.9318350662,86258.3313279307,86084.4288245344,84310.2612987932,97955.7514122042,73834.4209323927,87651.8861506961,98384.7882470645,82181.5201546874,99860.7665485184,95494.0088394071,91320.2041927252,85339.9799712731,93061.0683399255,94158.1718135854,88801.1295956869,89788.4353609603,92829.792485431,94002.4598974179,80330.7024281312,116181.45822306,93725.3060308963,104918.488037235,84494.1145067451,91959.7004874701,83634.613353741,92257.4913838661,80470.3907802138,85927.0901386545,90752.2270139185,82864.3460326143,89426.2269919584,96207.1344357678,78873.1418027762,85690.0291193469,85856.6271259437,110014.541722741,81907.7975137308,98880.2116502208,88868.167589176,92283.0683352044,95119.2005576385,107054.998149923,85015.5945335371,99667.1252366766,94997.6595171995,106416.769191267,93911.0451436531,94003.1855804879,88376.6147962337,100030.327379966,86148.7388313734,84947.8496867593,81042.7381705818,90891.8139394433,75458.7806129938,84140.9718459069,89137.2262581831,83641.2939385076,95430.8612877222,87954.6071537121,96149.8342820764,81039.2201789355,88673.4950749637,99245.1414268859,94694.6665961433,94927.9754586811,89609.0800707109,82134.4524184417,93539.3992854749,88448.8664964349,93367.5358456669,88621.5784913929,95900.6424691561,89996.1529284356,97018.5698629284,85938.7413333762,100324.974044065,97088.8656995168,85797.9408549532,107875.97241495,82394.7786869033,95940.7241918182,88937.3895836657,85594.0502437126
"errorsum",87565.1469277114,92493.4503926375,87017.495526359,99835.3184276429,90421.0325952451,81379.2710400788,84638.2747560469,80374.6774810078,91156.422128847,72796.4101762934,103562.320973864,83145.8504484779,88463.5030987567,89970.7774391836,76781.7220966613,97073.0109540066,84530.854359943,89450.4673728451,93934.0428483654,96996.3214406582,89351.5170567831,93748.0792220006,91476.4251210168,88951.5048895873,89554.6343725569,80371.8202080952,93343.2978707539,75928.2248128587,90818.2668444348,82364.2394595809,95143.4263557457,87879.7421243229,89392.8216256155,84975.65057531,88072.1370353496,88561.3662005736,95292.8014615858,94730.6670703559,95925.1184123944,93172.8817001761,84617.6275987861,77486.4969500194,85423.7043114648,86900.8933331065,90822.1465898477,90237.5810714243,86615.2948576117,93816.6958284325,87430.8558016045,90750.6494897254,91157.9760673378,84578.5630574267,97245.2978844407,106197.062204694,87331.4302040677,94574.4557580102,90867.4449092159,93234.1281159569,96914.1768973158,78247.6897506712,79324.4492006072,91422.1687108048,91412.054140957,87704.3015424541,92567.7394100552,80309.6405312508,93252.0940885528,72853.4408858057,86844.2008679082,83269.154835975,110852.088921168,96030.2013902883,89928.595526541,98312.3322577925,89290.557113266,80959.0249664545,93464.7507014924,86660.3386986342,90026.1375221695,91023.4763275505,80812.225049603,84873.534169909,85498.8069736156,92475.6993909261,97067.041459443,88178.2727937653,98876.1765699111,83143.060992485,88334.1234466374,101629.62041769,99720.4663364468,82649.7340248924,102294.130256893,105428.804605412,90950.7304696881,91066.7159827259,83468.2651287834,80452.4252539096,88460.5982717123,95093.3353307624
"errorsum",92844.6665333918,97835.4886111623,96681.7214824959,98344.7964616338,89059.1359133361,91116.6949768267,80869.3661182461,92594.3052854985,87201.3919374631,79687.0454094727,89376.5932762306,91327.9037786319,87624.9132890284,84967.6549155627,87781.932956577,99536.3787125016,78697.2893784141,82507.7810670073,80892.4682422683,84720.5334324315,93273.8491818816,89573.9029493533,92817.2929904235,90382.7282028733,81213.2620616836,93496.0777849955,85502.0502803668,92428.8985670414,97072.4560457524,79367.2806121225,80585.7370542853,103898.199813423,91750.9613179954,93185.1845589541,89312.6503134449,84289.5277240223,97109.3395082601,88719.2301341805,93019.3870923738,92619.9293188463,95817.1151780254,95690.4313701147,89317.5408973253,87889.1776981871,97957.4105655995,77039.1610257758,86543.2203610298,83185.7123568012,108324.622742097,98066.6657020592,86351.8438209691,84709.2018946591,86290.5821922662,102567.541147948,102462.749833526,97547.03743556,99062.4798693784,89309.1279715998,90032.4556097038,94093.4901233816,87243.2948538741,83678.4837599191,86164.0362101331,86603.0550263405,89173.4720613029,87767.2352683432,76271.2413569048,89833.7818112874,87495.9065651501,88929.6896510432,86842.0850199539,83930.8467324161,77094.053419663,96423.8398388436,79291.1018582656,74620.8259945396,104408.850557596,75527.9371008923,84563.9721509146,86164.8458978585,89366.702250486,88246.2546648871,80241.9169813467,96361.5879620031,93970.2121277028,92042.20597988,89697.0242208945,103526.783036661,90568.0343680266,89401.2103229783,81138.6370807254,88938.657891953,80801.5291894536,82101.0847455881,92108.0715583973,80138.2998889986,98058.4579387189,96896.2929339142,92959.9412565934,81871.4794646002
"errorsum",77048.8227494783,92944.7305398738,87358.4753274161,95425.3897022728,75508.484713515,96487.2626343676,85878.2200353488,91103.9192263424,94068.7554353488,79637.2819956117,101661.947624403,99926.6656427193,88685.951799636,90590.3851264735,88154.7190153471,100069.676680775,83117.4587276646,88616.6755115122,72609.7276485855,81388.5914780174,92704.6442366172,91047.7349222603,105459.410607359,83044.2178675619,100050.653455589,94335.8854029246,94751.3929265787,90132.5235266149,95540.1822014535,83119.9270585175,88683.4063553692,77951.7517876491,82493.4289298882,89094.6303507072,82970.7816488134,79157.7295059836,98733.5970986891,76896.5454237967,92064.9266141517,98711.0163986971,83237.1194126322,84261.5406948797,91355.1891285444,92348.3647778267,85058.6307225094,105090.930171649,88443.5959015329,93721.3720818801,87374.5156634961,81962.7600937815,69108.6334918174,84571.0066386379,88707.9361714625,81193.6675604225,93114.5052490365,84476.6214353501,83904.9665004373,94983.6730253034,96683.5563534827,94737.5654341569,77163.0452468457,93387.1177576116,90517.259531569,90352.9871411814,98265.8425495018,91504.2886373344,100308.058770314,95959.9521506553,78067.8773483693,74590.133300516,104263.481096477,69545.4658872781,78068.8907712373,77948.3795757196,86843.3522390934,84998.1754426495,85044.0526111537,85388.0749753634,92427.8334349178,94299.9925744618,105832.449369743,91788.0233228598,94026.658665324,96149.5778492849,91653.8335866412,94338.6611263568,99096.4898989705,78988.1700956242,89622.6210597456,97100.1135070941,121358.005739236,74088.570670191,104204.543890406,92877.2841138676,97978.5486847603,82020.7803430095,99460.6784642868,95699.1578353922,104176.007700503,98786.4750740057
"errorsum",89259.7504967436,91654.5993299657,88027.2440281695,104388.651070133,82098.0659667731,80475.4861598648,78765.5987671738,81230.6075981724,87962.914814889,94587.6286885671,88214.8543471457,97540.8517131889,82465.2263761899,84478.9355866425,79703.7974467207,75870.8769972885,89556.3912051174,87849.5356325797,92207.8240924463,102370.004468821,92299.3783723121,84239.5236034938,101910.766685864,87064.3242538083,97124.2980840442,84547.9064528629,74104.8977934935,83413.6035868926,90019.8162359665,102838.3975576,93068.5861668507,85313.6743856442,95482.9950899577,95107.6308753902,83021.4599116985,88048.9743185281,88434.908800735,93112.835550919,97707.4037283288,82991.3709148924,86774.3774763277,96219.2146495747,79388.4497626466,75643.2008791392,77807.9145988073,93449.9939628183,93364.3315031274,98798.0774147161,98886.1253763642,89946.0306240083,92138.0682404432,86919.460677122,85824.0917025325,105234.098874904,89042.1026979527,80198.0503816402,83097.0309455335,93416.6776149431,86444.7971451074,89363.3635039319,93269.542428002,88250.2880553006,96862.3250761983,87378.5650707373,94260.1979160042,91909.6617091681,85787.6369404871,85138.4590065619,97406.9592535747,96124.463935295,92236.6087300489,79827.9227703418,74044.3656200944,98805.9080174726,105604.279685117,93970.9186513653,83261.406851647,93191.4612913347,84934.2477457633,86960.4510528665,99327.3685526599,91436.5530768875,91095.880548821,90004.3341413077,81060.2229758835,88113.7689874147,94719.7822049386,96414.7096757997,83605.8263498062,85326.1312168179,86851.0058713299,89003.5972545115,73474.3735836788,82039.4637142186,71409.4644089587,96606.1228968754,93885.2957286528,97359.0913476897,88146.7424549492,72487.9881049319
"errorsum",103402.081779079,82700.3198520329,94215.813411958,74626.4817695689,88846.1505924536,101951.537948591,97965.6834778308,83602.1488811026,101836.885350563,84327.4400159761,96628.6135953232,82995.0605893642,84566.5589950817,83565.478105268,88938.8335007599,94414.7754319945,98376.0980828786,88138.0468052323,89582.1488208366,102050.655293568,83394.1773450134,91964.7442372924,99670.3041580497,81917.5057796841,91256.3898642843,93273.1266162207,88312.6474050136,81544.1670556658,81658.5354827915,94992.3327170521,91828.3718841605,84309.1487882438,106000.742559938,82849.9086831508,79470.6729548792,101659.448374505,90730.3084388066,85760.4299372626,81706.3268732013,85441.8528645683,83796.6562466212,80334.9726219572,85907.2031398282,95164.2274858256,90746.0164185364,78822.3451097922,93040.325437824,102992.043135806,90844.9464934398,92726.2691957296,86579.4440696523,86280.3947100229,82395.7343275277,94747.804923675,98153.1428438145,91912.1330738683,94641.0312574301,91794.1086752101,77316.1975090895,88696.6488175045,92468.0951967746,85417.4317687342,79520.2363225178,97699.9825291388,93068.5436982536,99352.114531945,90822.3019834228,77932.0812677305,92323.7629598246,87389.6548951655,89704.830824958,105241.672883866,86838.1510884666,84074.1150970104,94655.7013885872,89217.0601173598,83046.7250550091,107349.50270498,87357.7243943142,95042.604704126,91532.9559897356,87929.1370382169,96932.3599846708,87900.8417990673,98236.5957461889,103408.673309064,101701.757352091,83930.6525260586,90267.2199615251,94344.5927871543,77273.1325520555,77739.8784256957,80310.4688231472,93078.0800407794,91325.1216150536,75929.97162601,92941.3463865804,92897.1698948586,86165.2146270037,88371.9494744333
"errorsum",93044.2547037297,101190.787300372,81834.5967443985,103008.932801818,88049.1535031308,79392.3726095936,79165.8398832098,95719.7626957464,96549.5209747613,85294.9078587245,85843.3108618299,74658.8600523159,83947.9361119753,99148.8317461637,84102.7146226712,83332.1386655122,95193.6898528805,91010.8512455184,85702.2592410771,93725.2337667539,68572.9261962831,86170.2224105825,83961.9453655255,78416.8796217049,82339.2202772136,106705.636758875,89469.1719645501,106407.885648032,94702.0079529178,98672.194004639,99211.7900542071,92212.8927646629,97761.362353001,98504.9146994627,75940.2971392589,97181.4343014788,78066.1310267801,93256.8920742672,77140.0382571607,90453.8771309006,85094.984226007,84615.9693510482,86891.4615101779,95509.9856339413,85784.5118382473,80146.77678971,84119.1453574214,98952.6220050529,90044.4442742393,80450.7427159238,92609.317029804,94297.8826885788,82657.8829025532,92154.7106902383,96012.3495181577,84779.6671402771,87220.1486571332,90140.54486464,92911.8347965348,116422.980077453,84618.7725317939,85488.2780217616,100500.021917248,98535.4197653334,97206.2413218622,90056.069594747,93027.9866916141,75217.8329342737,76638.1487310594,98816.9065561482,111149.744153069,105703.859110191,89196.0344057719,77400.3184111261,88565.1533941727,82548.5082087938,85347.887155577,79035.0470002205,93351.5460368787,97391.9331432027,83633.1538243982,99141.0010527993,97530.689792447,99014.2003785164,93736.0626231966,109126.670714584,85997.5356089339,98980.8685534661,84283.3777832878,92456.6391751141,78203.1398108781,87810.5742125097,84981.4970561087,78956.9338553346,81778.4627896479,107181.598905406,78390.2397895695,101980.14835281,89815.7152186966,88096.4750480072
"errorsum",94072.1002040388,83383.6011462214,92400.7482773425,88721.338632132,98132.0031999952,84566.8296258473,78168.3245087841,91750.067114667,99041.5347768909,83092.674808236,81745.663984045,85777.728722511,95559.2973288018,83068.8530803598,81411.6883092642,105067.29242724,85706.4153516943,85986.3270297934,88184.836763057,87723.8785674857,79768.9895522637,108684.087751266,86410.515062154,77714.3727232979,96824.3666620883,100371.682194105,87876.4471317096,96102.0108283345,92172.2063231733,95391.9998870873,97009.6874124439,94023.1845322242,87919.480372899,110219.291226308,93746.5217493713,87416.8947782276,88624.2552976622,92509.5664646582,88636.8076935092,73442.2335404094,85606.0980258832,85333.5470940262,88567.1379163774,83667.2785081065,85555.4257311672,92186.0701455043,87066.5967152384,82965.8533142763,95326.5085230182,85176.9081302872,102983.591477979,96071.4935453712,89661.2673007158,89136.9086177925,96170.468855721,85100.5963414642,89629.0453810444,108046.598412861,85531.4571400132,82984.9429243281,99243.8760642264,102550.669525155,95152.4704765303,87328.1298471491,88333.4162767887,84149.2082343242,89024.0091008101,90211.6261914753,85715.807850338,83395.9872816638,93994.0928612179,84521.4039058331,91806.6490120882,78334.4414643778,88685.9704412225,84993.8324426248,78229.9013431043,90385.6058006364,95812.260770355,89195.6633085419,98588.7267592565,84404.415241581,92682.3392030021,86258.5618759933,86236.2653007689,89653.0100439125,85002.6084234083,83054.023707972,111647.557181842,86468.6900002253,98278.9482858572,89251.3753177669,92310.2854046462,86545.0121594266,83736.6037021322,110126.118600389,83342.7272839085,89027.0705064063,86109.8841616752,88821.2768568868
"errorsum",83729.5403174281,75392.1985469701,96596.7306359719,80190.9095419788,96040.5517529369,90954.2107407979,96060.8848649131,86695.6920686248,85400.1807465643,87492.0549913507,102765.114611692,86932.2070723732,87134.0725411213,93503.0540590391,91518.6899373772,89395.5555034478,89851.8056018911,82177.6543557947,81418.901794979,87393.7477514041,95540.9205425309,82278.9882641757,102331.259841063,93997.8998926989,79662.9192910481,92562.3378824506,73036.1605032437,91043.2043719869,72073.1587618584,87120.6005106535,92334.9676190255,89300.7819568709,89683.1906433668,85103.1049208287,99482.275737547,100956.386570234,93202.5097970606,106646.679899232,87905.8747663602,89784.5482620164,90055.4935917547,79778.0032271242,74071.0605134578,95727.6561929954,94930.8514751878,74391.8804894366,83019.3249143881,88298.5923253009,88651.4717979884,90794.0624919058,88092.7085825262,108457.569633152,78692.4125127575,84053.3967998774,89127.5024513642,76773.9068373959,88327.500937715,78066.2064601114,91316.4523933625,92322.9974619892,80829.2944153095,95640.4172678359,82037.3074855975,96106.9694569922,98936.2831932837,105449.682729237,79492.0836825733,96452.5968617482,93294.8043495323,81529.3257180346,89379.895771249,76481.4312274397,82038.9163643195,80867.421855848,94540.2411869684,91693.6237569299,92998.491637294,102762.850857669,80691.7814192019,97490.8631283953,88037.9161849317,92267.3996852084,96987.8236530101,92410.2071060775,90097.8235519383,110477.391594009,101489.105792212,73662.1119047829,90664.9466574894,91529.1230600748,88546.3943504275,97665.0747183956,81003.577809903,90524.9316891104,94248.3358202084,104836.842321613,77121.1230636102,90666.7578520909,85139.0777179753,93101.7570079899
"errorsum",92004.449757789,82957.3031748382,105151.542432198,88564.0496508849,84914.2359905342,95447.9316455495,80290.7649664437,91984.0630976299,90482.0719428953,89370.1822856269,89447.1317472963,89262.6238735834,81468.9689464565,88941.8822739588,98429.0196808379,96320.9552236523,91599.3085566478,87299.5265856804,84087.1625914335,79378.7623012211,96715.9711385187,95611.6591613644,96906.9311651206,87992.6331636847,78482.5705603335,95373.4275584285,104387.157314807,98465.5631287257,81620.9210606126,101470.072404222,88552.1018462112,86825.3538749217,93372.4656147735,97634.6754676561,94813.9709578091,96687.335815082,83710.0714103462,97677.9496718797,100225.439636045,94775.0959780353,93012.9471712711,79079.8031645665,105962.41580778,84740.874748737,91321.5489648705,79205.0526406503,84041.3172599479,83573.2940095598,98271.944103306,103754.21946218,94755.5546428631,95996.6971265248,98716.6779798026,97611.0273431846,100254.729452682,92347.9801942483,82612.0229676628,87945.5196887563,97621.7256198164,86591.451971949,88969.0446667501,81753.7367101614,88347.589663124,78818.2713454381,89221.3197587251,79694.818615274,97824.2539407099,92248.9263980823,92740.9085992063,93430.5804760503,103027.38392488,100328.330625662,76502.2664385274,81292.5571520456,98675.3901125795,90079.2220348419,85921.188423265,87803.2798769821,81884.6174447919,100596.263744528,88782.3728621415,102575.666517544,82349.5430512957,83137.5847605266,86347.8590614093,90069.7386167697,78578.5500532064,80953.9682984855,84664.805881978,89289.2812887162,86897.2430484352,84628.3627707487,84942.8391457276,91238.1625527351,91523.3507350604,79114.3339411297,85308.94620443,97475.250290884,93749.9636423807,84798.6263649948
"errorsum",75361.8142021632,87450.504610021,110077.793367027,100444.435574039,79025.7490903112,95838.0445654295,96878.8675683196,90626.7582149623,100916.955217446,102900.814596476,67968.5625198731,82456.4743655219,98807.6194173678,94985.7105342849,101696.604326258,98589.3980847322,102923.582803406,114924.418678532,82101.2395597044,91579.7300474482,82246.5785682213,89592.0652018614,88790.11522748,109645.727881362,87375.896691516,99201.1250273235,93720.6258591381,97144.9697578935,84818.3207315258,80365.3004605483,83553.1278990339,82928.095649414,96352.7351089147,105349.254117806,85040.5488376717,89968.2047180568,98316.6262073468,85969.4839183343,69781.4181467995,95344.5321027413,96324.3767042225,95262.3376496315,84085.2412815672,90169.1060775744,100366.756528254,87226.0118973889,80845.3004133183,94393.1349410565,84670.7933233019,92986.7148844354,94021.251062093,74593.2174554252,82176.0543415106,84463.9568685956,79926.6266743028,90812.3812866877,89235.1659322969,83430.1042307715,92260.1537466654,81558.7686012684,89710.83887096,90105.7518142794,85658.6093986154,95989.6712123753,86791.5492375154,80932.0079939038,80031.1464091721,96759.3838622057,90475.8777629846,88548.9978068483,90209.6702639463,89313.4351804358,99625.8646168543,85804.3354311646,85012.2216453772,84474.2001159353,77516.4305028277,85898.548167264,99536.4054704547,85230.1132681022,83492.2849854829,90397.5931837399,87647.1908356036,66952.5685557065,92354.8353460402,81770.0998291549,82642.1246671029,91530.3969809901,113265.62511417,67944.8442373141,79522.5832557034,84571.2032870804,88782.2084497559,80369.0513355829,93743.696452515,102052.595778875,88789.0013709895,94538.0064964647,84694.2343739164,92476.49597923
"errorsum",91357.4106372143,69882.6538874667,95551.0617708046,86826.7316541599,82818.0957520704,75166.927356679,81912.4150009641,82840.7331664544,89453.4090923614,94806.2465407579,88262.67167373,94881.1357106985,97227.8814457349,86631.2495680164,81367.4157782528,104384.269606271,97686.371275432,95603.1094258407,85658.0235038427,102189.179787242,86555.588199151,85259.6828153813,83739.6680413713,79088.4510507933,99508.4820896008,88887.7071027516,81925.2002174328,95842.2450833114,90317.7585851616,87258.6341248041,78963.6408359963,93318.3462569806,94348.5287756429,73945.521370153,93487.6704865409,87500.6903161505,83886.0379848478,94973.8637024808,89118.9707296279,96444.2379363379,96064.0045415598,90295.0992431237,88873.7883406161,97564.9435064044,94426.7146167925,100094.670112072,84942.7244226693,100388.042927062,91982.4301110319,92825.126635331,71113.1473957076,86762.0244018756,90817.951043714,104241.2225536,82240.5291006225,103260.312751605,87191.0635457468,86233.1638173556,81075.4516265291,84451.556419998,105211.845081611,90989.6198200353,82050.8682125504,95172.8367041679,88964.9351873084,90192.0127307393,93260.5021262114,78794.4660305626,84855.9026889944,89033.3335164619,97001.3998984576,100796.97412071,75762.1962632169,89424.5926989852,78513.9425078053,90610.5325175711,88654.3722643271,75413.7262433882,102449.633681098,91801.1533065602,80803.4055696204,97094.7557382042,75842.4788216826,103474.855840976,92679.7985696574,92399.4900000006,89768.1361414504,99657.9501196431,89512.7029107731,90405.0581016364,81478.9549873278,82494.5439652397,93503.9764518967,91510.139237472,85884.0412749185,87897.6972941015,75910.328341399,105226.151586706,92445.0306918579,93970.4984792572
"errorsum",89716.7200784077,88269.4664102727,75215.8382824239,94844.688996371,87355.3758380645,99487.6425226189,85524.671491881,89939.0575281394,77016.8187959135,78598.5805105707,86853.1140439673,80843.7376970581,100524.843402485,93516.1573195617,88937.3441604062,88954.3009513944,91676.9943957071,91304.3302559371,82988.5604125031,89025.7744744357,83050.2646262276,89912.4028467671,76825.7576649144,95401.1878079407,100417.34241883,77816.9395985198,90017.1711758054,96327.5318062069,90863.9699783823,90545.6002122222,94499.5700815306,80746.2321159394,95956.053623148,76521.9380445789,93677.6501184984,84686.8529100335,83705.4729963436,86088.4325535285,92762.6336511896,92126.3636454297,73328.7810215892,80564.7997113061,82224.7889568882,82875.4582986149,80071.7102428483,90420.5357534932,91570.6206570346,81670.9809860015,89045.5706180457,88541.7218738317,98449.2705183952,91802.9403352756,98358.2490127087,92747.1314531534,93687.1174665857,95037.6009799819,103395.661056056,81953.840006725,85100.4406634787,93986.3294248124,91556.5520456036,79458.6847187017,83197.817882906,70352.9156771839,94690.7476031918,95058.116862978,95957.5932939248,101665.898771241,79002.8867926008,77095.1779031212,81926.3041081528,83829.0765776543,94074.8327273716,105972.084284301,92636.7975951445,75616.797011934,96568.3298759637,88130.664807982,91100.2001800216,87106.7465189073,90183.1755412118,101417.488539332,84078.1125803256,83265.3961783461,97798.1835592003,85467.0689915337,92720.3491175708,85695.8772549664,83416.6801094684,91734.0457018797,93003.7044631624,87497.6005070342,86125.7389849363,94214.8570062906,83448.654598653,95778.9583033506,85819.291603212,93309.2553316999,87256.5519867404,82699.4037833797
"errorsum",91255.100025901,99387.0937292397,97914.8893101384,93774.5377872922,102728.17711356,94547.2946491498,92919.377029618,87283.5785207341,88005.6674069614,80874.1786227414,76893.4000890671,79908.3019172671,101605.415689875,100177.448093298,98233.6385852938,91132.2060235592,97232.2677327838,72669.6541521663,94239.8561187987,82890.344057214,96196.4644826548,93715.4237410416,98961.5341849852,94678.0707870904,102906.378742979,92330.8936123774,98574.7415111904,86313.944029468,88659.1619681683,93972.0177148071,91710.0966893176,76609.7413919891,92773.2127874517,92342.7066141726,78435.5237127252,95467.9959909901,95846.0966967841,87226.7590992382,79458.6839626355,83708.1625520233,88690.5993119027,95979.315987747,88381.2338891169,77946.6766162212,86793.5509242462,94335.577068628,90352.9927611474,91794.6577412194,85882.472095326,89805.0660638637,84793.5196976564,82755.058689903,86958.4592262363,83507.3793568959,94860.3193577975,85318.1520092989,78470.9524179001,95619.8048478873,92867.8804762366,83986.2527714188,89079.3605960225,90783.633404639,92449.6291346537,77018.4606867033,99487.070815437,80004.664304394,94887.2990033956,92997.839318803,89280.1520241211,90637.2802669574,96248.7810977702,88321.0266514561,86655.7645338021,101014.91817436,83626.693850001,91311.3239749737,89899.9209014288,81643.589914526,85044.4561585928,97213.4365334212,91986.3699104991,93339.0431749366,96963.7155421522,82176.1344377097,82326.9386317684,98555.4035243112,82103.660605775,84458.4284726473,83515.0110532101,78337.6777189104,86891.9582789689,89464.1465067097,86691.3137486453,80666.1339255119,84836.1560198564,99378.6366468994,106779.672335941,90221.4376667269,89259.9069873117,106905.014164303
"errorsum",79812.7382239632,93155.6836175015,79667.9148045895,89532.459866929,79270.4087641836,89058.8334248527,97887.7735068698,81085.4637890701,94071.8930957752,93810.5642227732,85356.8960984879,93574.2339544608,89004.1388764953,87535.2452234121,77931.0370214577,86296.3338680486,82639.8747157184,89428.8995665686,73587.7967006109,87150.803049644,110559.437050943,92218.7806592648,93958.5604271071,91168.3384839127,86731.4899107195,87454.6281119082,107550.083369036,105100.313879086,91538.7931821143,90705.3624309018,90657.848215361,92822.7832168288,89644.9387854378,80035.5049960961,89439.5104555413,87717.4506420889,82545.1580343136,106844.692070632,91229.2751717243,86801.651860094,99105.9703286694,88495.7444870059,83237.2419258736,107517.045329928,93849.4241360323,88677.370442816,75522.8920797276,94465.5307970244,78103.464879786,76218.0468345267,101375.951943963,99040.2360799578,90764.7688728073,98341.2310104796,85453.475760139,90054.5708193522,94909.0461527218,84445.4728887666,96870.093705535,94758.4194026031,93630.1705965175,95562.6009149342,84913.5024962284,80370.7473094151,104458.974758127,85777.867624783,84336.6094298929,101206.581813005,92962.8802034996,83792.9131657578,93849.0392261806,97651.0565793415,103601.714895454,76558.7545856042,101297.503431401,93631.0099730932,78598.8088771184,80471.2734202565,108727.609418089,86033.7353794607,84106.6130734277,105655.484824121,90022.0643949648,89922.2323704005,77419.0994800075,88051.105123023,95869.6305314529,88229.8005460738,91041.7178777587,92266.2158738642,88833.4996996008,92755.924455216,104012.193040489,105157.86197163,102937.471444249,96488.6672800799,92273.61712631,87831.7116545996,99277.2883369652,85153.290762406
"errorsum",92779.6178233133,83295.2856463347,77984.418411021,87167.1844228976,86957.54031657,100540.151881542,79778.3430460401,98308.1627120207,86349.3434311217,86007.4743737995,83995.7434145374,90756.1638615896,96609.9006989203,94423.7902804027,85850.5195419205,81011.644006542,84131.1936337062,81093.5245244458,85906.9603623992,91528.0672074281,83225.8961505845,106865.790323817,86156.413471593,82464.4420095675,89483.7278310678,89677.9213374751,86875.6468424412,85062.3857768847,79628.7009653713,89726.5709689049,98329.0105542241,95198.3664537307,87386.747415386,80387.6248912245,121173.344324784,77118.0808676602,82116.6290545905,87857.471009134,81788.5670737741,111110.933587422,86565.6807871478,96166.0883956906,85633.482564751,88693.6501669928,81894.0948520863,76730.8682198142,87202.9683322639,82915.5358273052,87997.4100348064,89585.1233711326,99553.2133805932,94526.3512848714,86219.8399437503,106833.160747891,75491.8148894883,88279.3102959128,78394.1842733715,91739.8530922521,91979.1589209442,91495.1310029228,94642.6462312816,95862.3623542979,85980.6965308246,85419.7600423609,102214.055445217,92099.7534948879,92456.5191662411,107507.284764207,87283.4348535473,87436.5086512177,71344.8050416565,86799.726073682,109251.908154004,90883.2012121224,79676.9090872463,101629.038714443,91794.1130194207,92877.7725388079,76980.0656496773,97583.5687171688,83533.6818812764,100312.453630397,87808.0550182546,79821.1010626187,80285.472560754,114508.761099613,99862.3009844859,75161.177065295,96410.4042638054,81016.2763379979,95814.6536833574,89039.3537165969,86473.0029476328,71366.8535166985,83656.8467622769,89672.7519330669,90805.9951772999,86682.6637734302,91726.7953903834,87297.7204540324
"errorsum",89900.8627163176,89817.7193117147,82858.3437729037,87199.9869380711,91570.6762470616,94916.6331966428,92026.2199522871,85569.9079586711,104358.550489411,87958.3452484459,82402.2627312091,80135.7525253368,91649.6004013084,89580.0877331951,81627.7338574327,88701.1855349957,74135.7783187028,100921.611291878,84593.4366266653,108132.746916969,86386.3900841025,75818.3326647009,103542.820970656,87975.4451435173,88356.5518726103,101642.897078447,78060.6081609316,72445.4118516275,80932.5594296436,85771.246312562,94051.3763537318,104229.732449116,84324.8880771539,91720.3750388828,76055.4423216826,110447.528959322,74294.7170250161,92443.6254565649,78303.4096886582,89568.0963491073,100648.609554094,86337.4498867569,87637.5047503203,93444.0698881388,94241.9701072625,91378.6028676006,85671.9693535665,85514.2075152459,92504.5639062731,76562.0301104042,95453.9196139599,74834.0809739788,83149.7429747597,92336.3981881631,82463.4523175033,118401.519244997,84895.5090306456,90478.4745881607,91266.3895960524,101789.601974762,75835.3230627159,93200.7319703314,87734.6895454469,101652.334011885,99748.6417792491,89240.2358018702,88298.7840277331,82305.2690994509,73199.121108161,80106.7016394797,94534.0112643701,91671.6509553434,99671.2771532642,73771.8657582199,81084.0934722809,81546.5089282736,95033.8645536187,87881.9283526939,89023.570865883,83195.6705585245,89591.113997061,83033.6619725025,93531.941316413,96851.5676369511,85776.77568244,74578.2901471961,89751.5785046604,86607.2843276253,91761.5575714777,84333.5996983325,91391.7751992407,92132.1304146103,86243.3064251327,78922.5848789297,80285.5369147539,101817.989418017,74424.7727826669,83722.9620495089,89819.2579096041,77606.0877796783
"errorsum",84248.2796229947,93245.6905629717,97128.2823485093,88856.6604963441,99202.0643835352,78340.8822642925,91083.9547308428,86725.007942721,100837.833326215,98688.6291228566,94209.7960452879,88252.398565095,77430.7486240459,101074.108124556,84535.946268698,90612.5523486518,102887.891694406,96562.7386443192,87165.4789134319,90033.2666356481,77324.0724832964,88847.6949963488,92256.5488187614,75942.0193257957,78704.9636477166,86188.6414288274,107314.850362691,94282.7658901081,82969.1571695462,80252.6344823642,91029.6481650345,85247.6351471137,91800.9034071723,99924.1490110732,102344.131761773,78759.8101545768,95981.0211297415,73331.6546154702,92775.45893564,73646.1525077459,92711.7774983354,100442.887277357,99524.5240602449,85733.5752441712,99854.1506593221,89934.2837351802,90464.5185674312,98966.6094266641,82376.9603707369,90776.7155769431,86633.4251088314,90462.8763038026,93510.076869078,71555.6812480721,81902.7450362886,92592.9022239037,99527.3110031637,96007.4697045689,91633.3320167665,82522.856909947,102243.981862048,87882.3032927324,91822.2502954425,92826.9278614336,92632.0268269212,86059.9481758881,87831.352626643,89043.9197733222,90957.6165743289,97388.9387767396,83171.8320073363,102170.25088397,86339.2079212705,87909.0479458627,85915.0271458735,92066.5465387732,89253.6720211759,93363.3958088937,89533.6131635779,103095.665091238,104165.7521504,73983.9656049636,102428.827064276,96752.1122261353,90208.5601231771,92550.4331686319,70905.3222287764,112715.97136989,93316.1717485619,77895.4435588445,90891.1497542831,99588.2936319935,76280.9637078296,87358.5039872368,92706.9684924824,88929.823417476,99613.4514254266,84600.462851885,88069.2064425099,83846.713991997
"errorsum",88821.4301382244,88064.0546070138,99054.6822863977,96339.1382196322,71292.4965841644,89870.7281703858,83177.6544622815,99041.0038469515,89916.727076082,89068.1082977979,102535.681073686,95106.3228697204,72047.1497835062,95093.8727305507,84395.4236856464,85354.9272908323,85064.2397311642,85356.6802308006,98458.8232551251,96458.7379304412,81863.065366835,81276.2258188697,95275.3462748566,82035.9221978967,86136.5872864249,91696.8468209182,82025.5668341835,94755.1320940984,93351.1604691527,85813.7787130899,86352.0961092147,96410.5847901903,81137.6417043229,80565.6811527058,76259.497509555,92466.5745811256,90988.406196284,86852.2835813181,84330.2453559335,88206.6795970208,94202.7344623667,90526.8259104915,85108.8940165065,84928.3483876224,82817.0740139979,83175.1861874083,102182.8614762,96927.3703172886,97170.1226267166,90639.9852382333,88203.5712429273,87696.238324745,90356.4762813666,100508.437138502,99052.2728055066,87367.2303345213,90529.690975407,99001.098446736,83531.2047688557,104866.316788453,86441.568082711,80083.9302294931,85147.4358769852,80159.8664952745,93233.1097678154,76940.1162378656,89712.4537456408,87366.7854563633,87685.8948104459,97433.5182355607,80060.4611816858,93998.6803368865,87239.6207348195,81622.7919608896,86367.4950913593,89467.5805853011,103680.781373522,87529.3333235271,90157.4847370215,98217.5589447871,89416.9767716355,82312.4695228601,96711.8945537385,94319.9818220449,96805.4775464685,94061.9849094941,74776.8822547342,93020.6352207725,97697.4251961851,92540.6154458479,101388.833341485,84532.3910446295,95720.2821430381,70539.3564054556,81713.967202345,92012.3351926554,85475.3602531641,83385.0303979076,92278.7970678848,80454.9862127051
"errorsum",98826.9060446705,80160.7033582138,102977.664005839,91995.6484589693,91734.4397463426,68738.4183219223,82454.9828828259,96741.2991696515,80471.7416464795,104649.327874094,93332.4369141381,94189.7708218325,88033.5768081637,86585.8697236885,89235.9335432875,97627.591275703,93947.0032321119,85260.2220751969,73364.5903076529,83172.1044668217,80501.559380737,84142.2312197859,85444.7121217334,92574.3633536678,94760.9186891936,94323.8257871098,87372.6076004694,99303.4952763166,91312.6620849015,93260.1569001262,91708.2305987685,87770.785622602,104491.37159176,96703.5946186216,83121.0848044703,95770.2704479313,103205.632919458,91132.1396734068,100927.450024722,111405.166989198,83711.691276314,87015.8147576241,98232.0542157697,86219.7527130389,100154.164727844,99447.8599750694,99922.2602210472,88142.4181727726,90053.8358952229,88296.3851519348,89715.3931877827,91389.5555639141,78909.7487570028,82671.0602769624,101159.122885579,100665.940224815,82706.7371883291,95071.0196678641,85038.6159061199,86400.0088739398,94837.4836946075,87839.4774536103,92922.5591604382,75086.6214014989,92165.5582587213,78969.3490006068,93757.2162731398,90025.2614342324,96847.6306504068,90921.9101241239,106507.701810523,78957.2966787159,88431.0358186318,94465.1679980138,91992.6930164628,81080.5040587804,77028.4536926978,77636.9590119717,100461.436492011,76842.2948051228,86879.5290699874,104476.742905509,81354.3198602004,87097.9600776102,88609.7119242181,94868.6903801509,81127.9469347854,91403.3696802802,110203.27981482,88499.3566189118,87351.6226536866,78198.1031554967,95372.5800272244,86463.3722031709,103884.083883514,92881.5648626814,91251.6036878075,94323.9102539736,105531.688334063,90783.9309684331
"errorsum",89683.9752385611,99009.4953931022,88416.3454219395,89607.3424998033,78044.7599570792,103003.773903946,92891.2345638015,100516.746511347,96716.2653431489,88451.6193648489,90690.9050685938,89110.9903091679,92790.7700135349,84387.2003441778,98189.4957188289,77419.6139421953,96208.6764317801,81835.3593497557,102203.424769688,90368.6219521618,87186.6219527484,94528.3674134461,87874.1780699385,89212.745064888,92730.9156641727,87144.37061603,93949.1751231353,98138.6791588919,93207.2201644632,96414.1278990333,79198.6522928993,89390.3547715681,94046.6562692176,82764.1466145175,81543.6322964909,97503.1433107065,77388.2132173365,102885.855784892,91283.9413753466,83962.4997194145,82447.8789261335,81961.9092718938,92012.7355228233,99657.5084056675,86874.8184320225,95007.6447763849,84204.3916113451,93327.2743048324,89095.1998087038,100075.99789951,76479.7667419422,83973.2390140785,80887.5491556218,91321.0719307348,106230.504156513,75558.6034667987,100019.547830824,91599.4575709242,76310.3115302154,90775.7486788814,86462.7719812362,98032.1841983816,88874.7583236228,85784.947125247,104078.783758848,82199.9417105105,76411.9493234105,88040.1805272387,84120.5746747438,85382.1611996618,90180.4272868309,85744.6076693937,82145.7244000344,76308.1387735152,106225.174143761,95805.0940323955,81018.2462942056,80789.0511917842,89062.3243008317,72628.041896755,93070.6729078071,88738.5722877164,82829.0319407929,90413.9107608781,85247.9255996815,98142.0248884035,81350.1405317198,89537.5951124512,97951.5771230172,101372.653680307,106151.704853265,81370.365074027,92037.2552922881,88478.862781335,84212.8598075463,95233.3228888482,103691.096860571,81135.7586297415,91356.7554429856,86005.8659943289
"errorsum",85845.3798482507,86691.826142195,82303.2408222463,77972.4510528505,90875.4963772792,101105.695421695,92226.1925745415,83950.903662431,80347.2803025599,93147.7690066439,95821.8702414177,100475.783444841,74413.7525813799,97196.2884627483,85461.9738978284,83900.0921734383,89913.3083205467,80261.9832013719,72157.8166750409,102229.11577508,79307.1988876144,87227.3061651443,84747.8729697265,96608.6916222173,82189.9770915184,89637.8299396562,100280.764194169,79811.5108200275,83772.4397610037,94986.8080199585,97850.6047902534,80522.2108359011,87379.7115972236,96959.1874798763,89883.5592622034,87546.1350472009,93137.6947552098,100330.712244262,86019.3791973159,91590.5257467761,73725.1570720446,89770.7508086418,97809.0802126324,108174.99839719,90981.2067203262,88152.7782170203,78882.1801442658,76003.2118739166,116284.705134847,79768.7145648349,86578.4334591351,94343.9801890189,87382.7209420225,84418.8899118904,90952.3317019732,91176.802079517,93369.4361887266,83268.992307467,90334.4625704252,87930.1521308616,104285.056430876,87737.2413832071,82053.1305049798,89323.243648084,94600.246693075,90144.5461372601,97357.5453944889,103921.075382579,89020.4684260348,90880.0849661806,80632.5764885228,84215.0493556467,76154.8761969054,88431.333484056,94616.411346476,109799.877497363,80266.3980917819,88022.9892947363,78555.8585663477,87461.6064877625,95973.4260804569,87191.7905200982,92243.6517736346,87994.7729435315,82003.2154425516,94512.3467253385,99037.8638650175,97624.0736753791,84604.5083628222,101020.156985102,87900.7890358637,86408.1181879346,76749.7290488224,104168.54923842,91563.5634681499,91351.7382509858,75872.2904450245,88955.5070289594,88632.7035164603,77750.3748518586
"errorsum",81219.0436954074,82058.2658087956,100596.175185838,80527.465812642,80187.9774300587,85788.6426763757,90108.7948321436,93257.6008498608,93124.4136290669,87795.7078222134,88190.3157754829,78112.4482962613,96720.3810563907,96098.2094356047,80391.5449540092,89505.5687381872,88193.3630829644,89515.8941171891,77242.3356314793,97869.8713512913,100080.951262245,85800.3147532176,100406.083426472,78051.872493815,97270.4332175937,90279.3371704749,94879.1206181407,89671.4009630938,87804.0311950917,94949.9289762034,83141.8453982835,85568.869807709,88800.2115356267,82362.7263530215,83928.9037604632,84386.8246751394,89414.1014962191,103801.27061601,95560.8342756982,92952.631919504,88243.1870156295,72489.2082600733,86755.2249931956,88953.0479011119,90775.6331188758,87648.7410718394,102840.207605756,86065.9161255929,81590.6408138346,82091.6737520848,77576.8823195534,88031.5498715679,85001.6142653934,95724.342605117,95381.2884601644,83864.3284622396,89569.0779409328,77446.0771343943,90756.408878786,98463.76699412,96619.4173258775,75651.8324750823,89667.9709016461,79841.6319412533,90752.8624459529,91208.1847566273,78935.7624810211,90503.232687357,86824.3721993446,91593.3407819383,72136.7642817437,76097.8908219544,79903.2481924774,118583.101617362,86204.1805600354,91353.814743284,81510.0857268498,86124.1490210376,89343.4409807099,90161.5775093642,89774.2188857429,84221.3338412114,75477.2524352224,96391.5956612197,95569.7717587627,88127.8071900378,98537.4368772488,103568.930688686,82010.3778207062,96135.6988165834,93020.9318989531,89720.1480542453,86115.8710580255,86103.0134338852,87937.5399711398,88613.1000591367,80852.1187272229,78365.4965781084,82411.2366655078,92906.9339374211
"errorsum",78113.9670477496,89522.9515713867,90607.6057095105,85033.6484432774,92506.2875945782,88756.607934404,95486.4203897707,99750.9725616516,90280.2827701096,106527.19654164,104828.52859662,98774.0621675562,89066.8368660201,94209.4074612946,84510.127776909,91131.8522538221,80910.5028726719,87677.0773928317,80884.6276660803,74490.2745812271,72958.13939481,93235.5420791416,86183.9645926895,89344.8748003125,91028.0622622668,95175.5009064007,89498.9622353425,98274.3725653425,84243.0208807767,92684.2735019042,79930.731990144,90483.6932949737,86796.2215229964,97108.9037648183,90976.9895457658,79139.4087011282,89039.4809218683,110998.891889332,82008.1345279511,95088.1380354693,93687.0390399454,86204.9922891281,86425.3928169283,91499.0811138607,94220.7022310572,88359.5215188331,90689.6000690013,95464.041249682,78561.6173993629,99390.8332767893,86685.2968523381,90688.0456535019,75671.6853661161,74211.6141366215,104381.244401777,87069.7521876598,79143.0208166573,92426.3827946434,95328.8365972913,89609.7335822905,92077.1099330994,78662.4096295964,101172.872895896,92204.9295732278,84695.5483339411,79222.5334725885,81162.4922515808,90275.1029483459,89181.0344614116,96413.6481046548,86562.2410055146,79774.1838647269,84690.3069584661,91528.1893438278,86492.0784231074,93503.4315141659,78372.1797384969,80016.2425623688,94753.2865845719,93443.3590306529,89586.3769569371,95859.7142446216,76351.93233376,93118.1088543285,88207.8349539911,80157.4510512325,85133.6147238632,84305.8218163094,90287.9943661755,102555.488985106,93104.6033618684,84312.7799215827,93464.5602009211,94737.06408792,84053.8856182473,93963.6155325586,95245.6582201037,81656.5331522179,98353.7964484593,98983.2402938569
"errorsum",84070.7421962911,97771.0483755764,84699.5679869891,96237.6811144468,83351.1441934627,79710.7135638903,81855.5500084744,70228.1274956967,99449.1320377545,87481.6529679682,80321.7511305288,95287.0829447389,83622.431513889,94644.6788196397,96497.8054627238,85545.5875482234,82575.4277778338,108666.488837003,75771.0446800886,82186.5186117222,90529.4630363592,89123.170318475,98278.1906522783,87228.5921918345,87322.1634188126,83814.1708161524,83411.4793889254,94004.5341143917,86665.29201681,84105.0126724646,96539.30679172,82190.977177971,87702.935131017,97019.6495356238,85901.072167177,91786.8577353518,79379.5333078498,91398.8307349794,94408.8953535802,84262.6330759039,87553.340963194,102488.869558057,95393.4534375377,80410.9895678763,98706.6629121545,86595.1985384877,87662.2112250124,89124.6884557682,84009.5928675708,73607.8161133535,97513.5226203045,90958.6343767809,85189.0034913686,88672.9316150232,86539.2252031892,95969.7112211111,97342.1162395825,109732.86566925,101984.30838386,90271.0835235006,86561.3782375987,96079.9853661275,86761.1659626081,103004.829773617,88228.5972026843,85023.6061383314,81130.5420731911,77217.7908849814,96176.5276741651,101135.945556463,94939.6242711541,97367.5761961948,98649.1278465977,92571.7613670063,92711.2955194898,77577.7806307792,80846.8412463596,80493.1179317775,98563.1275194038,88656.863853989,102618.321951112,84955.3346402608,89964.2009810975,83341.6027203144,88774.5129068503,82446.6213512476,83099.2284027727,87660.301171897,89505.9685631538,94804.6970207067,106366.948338697,96502.5049099698,74648.0505600262,94879.6628010889,90353.8077988542,83199.4413215082,80975.4824220635,85077.7970853548,84410.0132068047,92652.0372092887
